0.01 3.19153881072998 3.71127414703369
0.0110261587867257 3.19153881072998 3.71127414703369
0.0121576177590088 3.19153881072998 3.71127414703369
0.0134051823879147 3.19153881072998 3.71127414703369
0.0147807669574167 3.19153881072998 3.71127414703369
0.0162975083462065 3.19153881072998 3.71127414703369
0.017969891485326 3.19153881072998 3.71127414703369
0.0198138876897434 3.19153881072998 3.71127414703369
0.021847107184946 3.19153881072998 3.71127414703369
0.024088967285183 3.19153881072998 3.71127414703369
0.0265608778294669 3.19153881072998 3.71127414703369
0.0292864456462524 3.19153881072998 3.71127414703369
0.032291699999439 3.19153881072998 3.71127414703369
0.0356053411687124 3.19153881072998 3.71127414703369
0.0392590145381765 3.19153881072998 3.71127414703369
0.0432876128108306 3.19153881072998 3.71127414703369
0.0477296092350519 3.19153881072998 3.71127414703369
0.0526274250254052 3.19153881072998 3.71127414703369
0.0580278344866619 3.19153881072998 3.71127414703369
0.0639824117099771 3.19153881072998 3.71127414703369
0.0705480231071865 3.19153881072998 3.71127414703369
0.0777873704869431 3.19153881072998 3.71127414703369
0.0857695898590894 3.19153881072998 3.71127414703369
0.0945709116858657 3.19153881072998 3.71127414703369
0.104275388885377 3.19153881072998 3.71127414703369
0.114975699539774 3.19153881072998 3.71127414703369
0.126774031974041 3.19153881072998 3.71127414703369
0.139783060657921 3.19153881072998 3.71127414703369
0.154127022250875 3.19153881072998 3.71127414703369
0.169942902066335 3.19153881072998 3.71127414703369
0.187381742286038 3.19153881072998 3.71127414703369
0.206610084417917 3.19153881072998 3.71127414703369
0.227811559773075 3.19153881072998 3.71127414703369
0.251188643150958 3.19153881072998 3.71127414703369
0.276964586480464 3.19153881072998 3.71127414703369
0.305385550883342 3.19153881072998 3.71127414703369
0.336722957521142 3.19153881072998 3.71127414703369
0.3712760796764 3.19153881072998 3.71127414703369
0.409374900822501 3.19153881072998 3.71127414703369
0.451383265976898 3.19153881072998 3.71127414703369
0.497702356433211 3.19153881072998 3.71127414703369
0.548774521056013 3.19153881072998 3.71127414703369
0.605087500727294 3.19153881072998 3.71127414703369
0.667179086288214 3.19153881072998 3.71127414703369
0.735642254459641 3.19153881072998 3.71127414703369
0.811130830789687 3.19153881072998 3.71127414703369
0.894365733709581 3.19153881072998 3.71127414703369
0.986141859328828 3.19153881072998 3.71127414703369
1.08733567271966 3.19153881072998 3.71127414703369
1.19891357818781 3.19153881072998 3.71127414703369
1.32194114846603 3.19153881072998 3.71127438545227
1.4575933009693 3.19153881072998 3.71127438545227
1.60716551829551 3.19153881072998 3.71127438545227
1.77208622012766 3.19153881072998 3.71127438545227
1.95393040468961 3.19153881072998 3.71127438545227
2.15443469003188 3.19153881072998 3.71127438545227
2.37551389879217 3.19153881072998 3.71127438545227
2.61927934481563 3.19153881072998 3.71127438545227
2.88805899627279 3.19153881072998 3.71127438545227
3.18441970783354 3.19153881072998 3.71127438545227
3.51119173421513 3.19153881072998 3.71127438545227
3.87149575920948 3.19153881072998 3.71127438545227
4.26877269831788 3.19153881072998 3.71127438545227
4.70681655960925 3.19153881072998 3.71127438545227
5.18981067662415 3.19153881072998 3.71127438545227
5.72236765935021 3.19153881072998 3.71127438545227
6.30957344480193 3.19153881072998 3.71127438545227
6.95703586788939 3.19153881072998 3.71127438545227
7.67093821642944 3.19153904914856 3.71127438545227
8.45809828175134 3.19153904914856 3.71127438545227
9.3260334688322 3.19153904914856 3.71127438545227
10.2830325877662 3.19153904914856 3.71127438545227
11.3382350121785 3.19153904914856 3.71127438545227
12.5017179605493 3.19153904914856 3.71127438545227
13.7845927339877 3.19153904914856 3.71127438545227
15.1991108295293 3.19153904914856 3.71127438545227
16.7587809423433 3.19153952598572 3.71127438545227
18.4784979742229 3.19153952598572 3.71127462387085
20.3746852803971 3.1915397644043 3.71127462387085
22.4654515131221 3.1915397644043 3.71127462387085
24.7707635599171 3.1915397644043 3.71127462387085
27.3126372280084 3.1915397644043 3.71127462387085
30.1153474960257 3.1915397644043 3.71127462387085
33.2056603408601 3.1915397644043 3.71127486228943
36.6130883536403 3.1915397644043 3.71127510070801
40.3701725859655 3.1915397644043 3.71127510070801
44.5127933180376 3.19154000282288 3.71127510070801
49.0805127165385 3.19154000282288 3.71127510070801
54.1169526546463 3.19154000282288 3.71127510070801
59.6702113023847 3.19154000282288 3.71127510070801
65.7933224657567 3.19154000282288 3.71127510070801
72.544762061368 3.19154000282288 3.71127510070801
79.9890065633877 3.19154024124146 3.71127510070801
88.1971487560358 3.19154047966003 3.71127510070801
97.2475766720517 3.19154047966003 3.71127510070801
107.226722201032 3.19154047966003 3.71127510070801
118.229886516871 3.19154047966003 3.71127510070801
130.362150207157 3.19154047966003 3.71127510070801
143.73937679631 3.19154047966003 3.71127510070801
158.489319246111 3.19154047966003 3.71127510070801
