0.01 35.5180587768555 3.90199971199036
0.0110261587867257 35.5275421142578 3.90199971199036
0.0121576177590088 35.5282135009766 3.90201330184937
0.0134051823879147 35.5285415649414 3.90203976631165
0.0147807669574167 35.5353775024414 3.90204071998596
0.0162975083462065 35.5458221435547 3.90207481384277
0.017969891485326 35.5568389892578 3.90208125114441
0.0198138876897434 35.5638160705566 3.90208268165588
0.021847107184946 35.5638160705566 3.90215229988098
0.024088967285183 35.571460723877 3.90215229988098
0.0265608778294669 35.5899085998535 3.90217041969299
0.0292864456462524 35.5899085998535 3.902263879776
0.032291699999439 35.5998802185059 3.90226888656616
0.0356053411687124 35.6421508789062 3.9023129940033
0.0392590145381765 35.6447372436523 3.90246343612671
0.0432876128108306 35.6788139343262 3.90251708030701
0.0477296092350519 35.6788139343262 3.90256428718567
0.0526274250254052 35.6950569152832 3.90256428718567
0.0580278344866619 35.7013702392578 3.90258812904358
0.0639824117099771 35.710147857666 3.90276050567627
0.0705480231071865 35.7659492492676 3.90282154083252
0.0777873704869431 35.7726860046387 3.90282154083252
0.0857695898590894 35.8574256896973 3.90324020385742
0.0945709116858657 35.8574256896973 3.90324020385742
0.104275388885377 35.8574256896973 3.90324974060059
0.114975699539774 35.9932556152344 3.90353679656982
0.126774031974041 35.9932556152344 3.90374541282654
0.139783060657921 35.993522644043 3.90374541282654
0.154127022250875 36.1436653137207 3.9040048122406
0.169942902066335 36.1436653137207 3.90432739257812
0.187381742286038 36.2448196411133 3.90468239784241
0.206610084417917 36.2732009887695 3.905029296875
0.227811559773075 36.5150299072266 3.90538477897644
0.251188643150958 36.560791015625 3.90538477897644
0.276964586480464 36.7108116149902 3.90572261810303
0.305385550883342 36.7657775878906 3.90634870529175
0.336722957521142 36.7657775878906 3.90684914588928
0.3712760796764 37.1051330566406 3.90684914588928
0.409374900822501 37.2071151733398 3.90687203407288
0.451383265976898 37.3735313415527 3.90882992744446
0.497702356433211 37.5720329284668 3.90938448905945
0.548774521056013 37.7239685058594 3.90938448905945
0.605087500727294 37.755241394043 3.91140460968018
0.667179086288214 38.187614440918 3.91140460968018
0.735642254459641 38.187614440918 3.9123957157135
0.811130830789687 39.0340118408203 3.91328454017639
0.894365733709581 39.4298057556152 3.91480731964111
0.986141859328828 39.4298057556152 3.91681432723999
1.08733567271966 39.7760696411133 3.91876101493835
1.19891357818781 40.3642501831055 3.91876101493835
1.32194114846603 40.3642501831055 3.92132759094238
1.4575933009693 41.0514678955078 3.92665600776672
1.60716551829551 41.8713340759277 3.92937850952148
1.77208622012766 42.9210243225098 3.93053245544434
1.95393040468961 42.9210243225098 3.93053245544434
2.15443469003188 44.4794044494629 3.93540954589844
2.37551389879217 45.4077568054199 3.93973565101624
2.61927934481563 46.735954284668 3.94666361808777
2.88805899627279 46.7744026184082 3.94666361808777
3.18441970783354 47.7923126220703 3.95378661155701
3.51119173421513 49.8895111083984 3.97528743743896
3.87149575920948 49.8895111083984 3.97528743743896
4.26877269831788 53.3198471069336 3.97528743743896
4.70681655960925 54.9536285400391 3.9812183380127
5.18981067662415 58.4297790527344 4.02799606323242
5.72236765935021 59.0830917358398 4.02799606323242
6.30957344480193 59.0830917358398 4.02799606323242
6.95703586788939 62.0351905822754 4.08184146881104
7.67093821642944 66.2463760375977 4.10361576080322
8.45809828175134 68.1771392822266 4.10648632049561
9.3260334688322 71.9326477050781 4.11143016815186
10.2830325877662 75.2268600463867 4.11143016815186
11.3382350121785 82.8240203857422 4.16959476470947
12.5017179605493 88.8698120117188 4.17234086990356
13.7845927339877 92.7671966552734 4.17234086990356
15.1991108295293 103.768966674805 4.19133853912354
16.7587809423433 109.788558959961 4.21935892105103
18.4784979742229 112.719055175781 4.27939939498901
20.3746852803971 116.458129882812 4.30086851119995
22.4654515131221 126.070083618164 4.30150556564331
24.7707635599171 141.907363891602 4.3609037399292
27.3126372280084 145.634002685547 4.3609037399292
30.1153474960257 162.120574951172 4.5374584197998
33.2056603408601 178.955215454102 4.567551612854
36.6130883536403 195.484451293945 4.68712425231934
40.3701725859655 214.754592895508 4.68712425231934
44.5127933180376 241.569915771484 4.68712425231934
49.0805127165385 261.6220703125 4.68712425231934
54.1169526546463 287.803009033203 5.05419635772705
59.6702113023847 313.841918945312 5.05419635772705
65.7933224657567 347.188903808594 5.39970970153809
72.544762061368 379.992065429688 5.48166847229004
79.9890065633877 423.116027832031 5.48166847229004
88.1971487560358 469.447052001953 5.83284950256348
97.2475766720517 515.695190429688 5.83284950256348
107.226722201032 566.846252441406 6.13235950469971
118.229886516871 622.910339355469 6.75910472869873
130.362150207157 695.301635742188 7.10106945037842
143.73937679631 757.614318847656 7.10106945037842
158.489319246111 833.700866699219 7.10106945037842
