0.01 48.2268867492676 4.26349592208862
0.0110261587867257 48.2268867492676 4.26349687576294
0.0121576177590088 48.2329177856445 4.26358032226562
0.0134051823879147 48.2379760742188 4.26358032226562
0.0147807669574167 48.2472381591797 4.26360034942627
0.0162975083462065 48.2505149841309 4.26361608505249
0.017969891485326 48.2512893676758 4.26365184783936
0.0198138876897434 48.2630004882812 4.26368427276611
0.021847107184946 48.2630004882812 4.26373434066772
0.024088967285183 48.2732543945312 4.26378202438354
0.0265608778294669 48.2843856811523 4.26378202438354
0.0292864456462524 48.2858505249023 4.26392030715942
0.032291699999439 48.2939262390137 4.2639274597168
0.0356053411687124 48.3118591308594 4.26395130157471
0.0392590145381765 48.3261566162109 4.26410484313965
0.0432876128108306 48.3261566162109 4.26410484313965
0.0477296092350519 48.3261566162109 4.26425504684448
0.0526274250254052 48.3643913269043 4.26448202133179
0.0580278344866619 48.3890151977539 4.26448202133179
0.0639824117099771 48.3890151977539 4.26452302932739
0.0705480231071865 48.423168182373 4.26455593109131
0.0777873704869431 48.4742584228516 4.26497173309326
0.0857695898590894 48.4866027832031 4.26497173309326
0.0945709116858657 48.4866027832031 4.26534700393677
0.104275388885377 48.5155258178711 4.26534700393677
0.114975699539774 48.5930366516113 4.26541042327881
0.126774031974041 48.5930366516113 4.26621532440186
0.139783060657921 48.612678527832 4.26621532440186
0.154127022250875 48.7053871154785 4.26666688919067
0.169942902066335 48.7995796203613 4.26674699783325
0.187381742286038 48.7995796203613 4.26724243164062
0.206610084417917 48.8165435791016 4.26724243164062
0.227811559773075 48.8289566040039 4.26794338226318
0.251188643150958 49.0993499755859 4.26893949508667
0.276964586480464 49.0993499755859 4.26901721954346
0.305385550883342 49.193546295166 4.26984071731567
0.336722957521142 49.2929153442383 4.26990985870361
0.3712760796764 49.3818702697754 4.2712926864624
0.409374900822501 49.5159149169922 4.27136611938477
0.451383265976898 49.7486801147461 4.27361488342285
0.497702356433211 49.7486801147461 4.27361488342285
0.548774521056013 49.7486801147461 4.2748875617981
0.605087500727294 50.3909606933594 4.27605104446411
0.667179086288214 50.3909606933594 4.27605104446411
0.735642254459641 50.5310401916504 4.27802133560181
0.811130830789687 50.944580078125 4.27922296524048
0.894365733709581 51.4593391418457 4.28253936767578
0.986141859328828 51.4593391418457 4.28399515151978
1.08733567271966 51.4593391418457 4.28493690490723
1.19891357818781 51.5886459350586 4.28789806365967
1.32194114846603 51.7522583007812 4.29252052307129
1.4575933009693 52.186939239502 4.2927770614624
1.60716551829551 53.9885864257812 4.2927770614624
1.77208622012766 54.0766830444336 4.30415725708008
1.95393040468961 54.2029876708984 4.30415725708008
2.15443469003188 55.5593566894531 4.31167459487915
2.37551389879217 55.5593566894531 4.3120493888855
2.61927934481563 55.9838752746582 4.31608104705811
2.88805899627279 58.1891479492188 4.32418346405029
3.18441970783354 58.1891479492188 4.32609462738037
3.51119173421513 59.0992889404297 4.33438873291016
3.87149575920948 59.2175750732422 4.33669090270996
4.26877269831788 61.4305686950684 4.34899044036865
4.70681655960925 62.0216865539551 4.35345983505249
5.18981067662415 62.3545341491699 4.3623628616333
5.72236765935021 66.143684387207 4.37261343002319
6.30957344480193 67.6419830322266 4.37261343002319
6.95703586788939 68.3816757202148 4.38537311553955
7.67093821642944 68.3816757202148 4.42128944396973
8.45809828175134 73.1937408447266 4.42128944396973
9.3260334688322 76.1485443115234 4.42736721038818
10.2830325877662 80.3136444091797 4.4407320022583
11.3382350121785 80.3136444091797 4.44638252258301
12.5017179605493 90.6072616577148 4.45503902435303
13.7845927339877 90.6072616577148 4.49635124206543
15.1991108295293 93.2188186645508 4.49635124206543
16.7587809423433 98.9869766235352 4.53113794326782
18.4784979742229 102.05477142334 4.54205894470215
20.3746852803971 113.84252166748 4.54205894470215
22.4654515131221 124.511779785156 4.54205894470215
24.7707635599171 132.841354370117 4.62547922134399
27.3126372280084 137.059066772461 4.62547922134399
30.1153474960257 145.099594116211 4.62547922134399
33.2056603408601 150.889602661133 4.63150262832642
36.6130883536403 165.718566894531 4.63150262832642
40.3701725859655 177.805114746094 4.68725728988647
44.5127933180376 198.368362426758 4.70566654205322
49.0805127165385 220.833236694336 5.11934757232666
54.1169526546463 244.560791015625 5.12718105316162
59.6702113023847 250.984375 5.19346618652344
65.7933224657567 277.365539550781 5.19346618652344
72.544762061368 303.516662597656 5.19346618652344
79.9890065633877 335.105651855469 5.19346618652344
88.1971487560358 374.144622802734 5.34257888793945
97.2475766720517 407.057495117188 5.34257888793945
107.226722201032 448.107818603516 5.54548931121826
118.229886516871 498.370849609375 5.75839233398438
130.362150207157 546.714111328125 6.05942058563232
143.73937679631 606.217895507812 6.76641654968262
158.489319246111 669.830383300781 6.81831169128418
