0.01 1.07635116577148 5.59062671661377
0.0110261587867257 1.07635116577148 5.59074687957764
0.0121576177590088 1.09782290458679 5.59076499938965
0.0134051823879147 1.13434445858002 5.59086561203003
0.0147807669574167 1.13434445858002 5.59119081497192
0.0162975083462065 1.19890284538269 5.59119081497192
0.017969891485326 1.21703946590424 5.59119081497192
0.0198138876897434 1.22873604297638 5.59168863296509
0.021847107184946 1.23437595367432 5.59168863296509
0.024088967285183 1.29754245281219 5.59218883514404
0.0265608778294669 1.32660889625549 5.59243440628052
0.0292864456462524 1.35475480556488 5.59263563156128
0.032291699999439 1.4347550868988 5.59268999099731
0.0356053411687124 1.5698698759079 5.59305000305176
0.0392590145381765 1.57089400291443 5.59365558624268
0.0432876128108306 1.5892893075943 5.5944128036499
0.0477296092350519 1.64165675640106 5.5944128036499
0.0526274250254052 1.80514812469482 5.59514331817627
0.0580278344866619 1.81247413158417 5.59515285491943
0.0639824117099771 2.00854301452637 5.59626293182373
0.0705480231071865 2.16128134727478 5.59728813171387
0.0777873704869431 2.33263516426086 5.59827947616577
0.0857695898590894 2.5450611114502 5.59827947616577
0.0945709116858657 2.82597398757935 5.59949398040771
0.104275388885377 2.89776706695557 5.59959077835083
0.114975699539774 3.20917987823486 5.60189151763916
0.126774031974041 3.39457130432129 5.60247325897217
0.139783060657921 3.69685029983521 5.60417938232422
0.154127022250875 4.03117990493774 5.6063117980957
0.169942902066335 4.28847742080688 5.6063117980957
0.187381742286038 4.66424369812012 5.60742378234863
0.206610084417917 4.97360754013062 5.60795545578003
0.227811559773075 5.45065927505493 5.61301946640015
0.251188643150958 5.62435579299927 5.61301946640015
0.276964586480464 6.1541314125061 5.61737442016602
0.305385550883342 6.46916818618774 5.61877250671387
0.336722957521142 6.95050954818726 5.62038803100586
0.3712760796764 7.40880823135376 5.62175703048706
0.409374900822501 7.81362676620483 5.62955474853516
0.451383265976898 8.25925350189209 5.62955474853516
0.497702356433211 8.99283313751221 5.62955474853516
0.548774521056013 9.94225120544434 5.64746570587158
0.605087500727294 10.2327661514282 5.64746570587158
0.667179086288214 11.0681056976318 5.65950202941895
0.735642254459641 11.9290161132812 5.65950202941895
0.811130830789687 12.6575984954834 5.67178297042847
0.894365733709581 13.6022806167603 5.67178297042847
0.986141859328828 14.7931652069092 5.67585754394531
1.08733567271966 15.9289131164551 5.67875480651855
1.19891357818781 17.2774753570557 5.71755313873291
1.32194114846603 18.4203243255615 5.71755313873291
1.4575933009693 19.9385452270508 5.71755313873291
1.60716551829551 22.3792877197266 5.71755313873291
1.77208622012766 23.8108940124512 5.73204135894775
1.95393040468961 25.9908561706543 5.73944664001465
2.15443469003188 28.0631923675537 5.79153633117676
2.37551389879217 30.158576965332 5.80905246734619
2.61927934481563 33.5727157592773 5.80905246734619
2.88805899627279 36.6916809082031 5.87110137939453
3.18441970783354 39.6878929138184 5.87615203857422
3.51119173421513 42.9760780334473 5.87746429443359
3.87149575920948 47.674747467041 5.94109439849854
4.26877269831788 51.6308517456055 5.99463748931885
4.70681655960925 56.932243347168 6.0312967300415
5.18981067662415 62.9029998779297 6.0312967300415
5.72236765935021 69.1065292358398 6.0892972946167
6.30957344480193 75.8491058349609 6.0892972946167
6.95703586788939 82.942626953125 6.25835704803467
7.67093821642944 90.5586166381836 6.27259349822998
8.45809828175134 99.7783432006836 6.27259349822998
9.3260334688322 110.055183410645 6.32821273803711
10.2830325877662 120.874382019043 6.35749053955078
11.3382350121785 132.982498168945 6.52276277542114
12.5017179605493 146.117233276367 6.54960536956787
13.7845927339877 160.998184204102 6.82533264160156
15.1991108295293 177.930297851562 6.9557056427002
16.7587809423433 194.004867553711 6.9557056427002
18.4784979742229 215.712417602539 7.17396259307861
20.3746852803971 238.719482421875 7.17396259307861
22.4654515131221 260.550476074219 7.23786973953247
24.7707635599171 285.096374511719 7.23786973953247
27.3126372280084 316.777801513672 7.43965721130371
30.1153474960257 347.2021484375 7.97108507156372
33.2056603408601 382.396301269531 8.1760425567627
36.6130883536403 421.280181884766 8.1760425567627
40.3701725859655 461.642761230469 8.1760425567627
44.5127933180376 511.618103027344 8.38442230224609
49.0805127165385 566.246520996094 9.96386528015137
54.1169526546463 623.804382324219 9.96386528015137
59.6702113023847 695.218566894531 9.96386528015137
65.7933224657567 756.949462890625 10.299506187439
72.544762061368 837.628967285156 11.3578252792358
79.9890065633877 925.165222167969 13.5468759536743
88.1971487560358 1006.86181640625 14.1365976333618
97.2475766720517 1123.58801269531 15.5194225311279
107.226722201032 1237.22875976562 18.0060043334961
118.229886516871 1365.23461914062 18.6981449127197
130.362150207157 1484.82006835938 20.4897632598877
143.73937679631 1663.09265136719 22.8207931518555
158.489319246111 1832.94018554688 25.0985431671143
