0.0194894644874591 0.586059033870697 0.000809729099273682 1.37202441692352e-05
0.0214107949537102 0.586059033870697 0.000809729099273682 1.37202441692352e-05
0.02352153599935 0.586059033870697 0.000809729099273682 1.37202441692352e-05
0.0258403602932476 0.586059033870697 0.000809729099273682 1.37202441692352e-05
0.0283877813125511 0.586059033870697 0.000809729099273682 1.37202441692352e-05
0.031186334815146 0.586059033870697 0.000809729099273682 6.71893358230591e-05
0.0342607782022183 0.586059033870697 0.000809729099273682 6.71893358230591e-05
0.0376383095345826 0.586059033870697 0.000809729099273682 6.71893358230591e-05
0.0413488081403046 0.586059033870697 0.000809729099273682 6.71893358230591e-05
0.0454250989421509 0.586059033870697 0.0031808614730835 0.000144517049193382
0.049903242843241 0.586059033870697 0.0031808614730835 0.000144517049193382
0.0548228557397956 0.586059033870697 0.0031808614730835 0.000144517049193382
0.0602274589831294 0.586059033870697 0.0031808614730835 0.000144517049193382
0.0661648643912481 0.651752918958664 0.0031808614730835 0.000144517049193382
0.0726875972160561 0.651752918958664 0.0227258205413818 0.000283639878034592
0.0798533608079529 0.967256665229797 0.0227258205413818 0.000437123700976372
0.0877255470884733 0.967256665229797 0.0227258205413818 0.000437123700976372
0.0963737973468674 1.00701880455017 0.0227258205413818 0.000732654705643654
0.105874618321707 2.30101633071899 0.0620720386505127 0.000732654705643654
0.116312059017685 2.30101633071899 0.132030010223389 0.000732654705643654
0.127778454245059 2.30101633071899 0.132030010223389 0.00101348012685776
0.140375241459478 2.74790793657303 0.136201024055481 0.00117974728345871
0.154213858128346 2.74790793657303 0.152873635292053 0.00134642422199249
0.169416727562279 2.74790793657303 0.191455006599426 0.00141119211912155
0.186118341932824 2.80583125352859 0.283451020717621 0.00178565457463264
0.204466452057337 3.0089550614357 0.283451020717621 0.00199305266141891
0.224623374476464 3.12219077348709 0.32112655043602 0.00236269272863865
0.24676742738728 3.39448344707489 0.378293931484222 0.00236269272863865
0.271094508135069 3.51117664575577 0.456883400678635 0.00284730270504951
0.297819826219024 3.7056565284729 0.456883400678635 0.00308920629322529
0.327179807142893 3.7056565284729 0.586627393960953 0.00356533750891685
0.359434183953005 3.7056565284729 0.593426614999771 0.00356533750891685
0.39486829496644 3.7056565284729 0.651581764221191 0.00400436669588089
0.433795608016208 3.70566511154175 0.767547160387039 0.00471032410860062
0.476560493544171 3.93300080299377 0.884765783324838 0.00492938980460167
0.52354127107386 3.93300080299377 0.887089014053345 0.00539162009954453
0.575153556013824 3.93300080299377 1.00003589689732 0.00588267669081688
0.631853936398986 4.19232761859894 1.18530540913343 0.00637464225292206
0.694144012096307 4.19232761859894 1.31550380587578 0.00665068812668324
0.762574832207584 4.19232761859894 1.40781166404486 0.00763249211013317
0.83775176992486 4.19232761859894 1.55515855550766 0.00892220996320248
0.920339877963856 4.19232761859894 1.65138223767281 0.00929357670247555
1.01106977195225 4.19232761859894 1.82786421477795 0.00955718010663986
1.11074409382023 4.19232761859894 1.94563359022141 0.0102414581924677
1.2202446123716 4.19232761859894 2.19307094067335 0.0110121443867683
1.34054002385081 4.19232761859894 2.34023408591747 0.0119889378547668
1.47269452151343 4.19232761859894 2.54604095220566 0.0124650485813618
1.61787721001088 4.19232761859894 2.66783764958382 0.0137411393225193
1.77737244787375 4.19232761859894 2.79408299922943 0.0145402643829584
1.95259120958845 4.19232761859894 2.94193705916405 0.0151861049234867
2.14508356778179 4.19232761859894 3.06357372552156 0.0160543750971556
2.35655240593719 4.19232761859894 3.23955264687538 0.0170480217784643
2.58886848295193 4.19232761859894 3.54542115330696 0.0181214269250631
2.84408698280417 4.19232761859894 3.69950839877129 0.0188167188316584
3.12446569573629 4.19232761859894 3.78020802140236 0.0197193576022983
3.43248499179429 4.19232761859894 4.0147331058979 0.0202525062486529
3.77086976341938 4.19232761859894 4.49160484224558 0.0207568155601621
4.14261353120658 4.19232761859894 4.64797750115395 0.0209190296009183
4.55100492608216 4.19232761859894 4.80092325806618 0.0210726680234075
4.99965678217431 4.19232761859894 4.83088544011116 0.0217297775670886
5.49253809774723 4.19232761859894 5.31183296442032 0.0222629262134433
6.03400914694088 4.19232761859894 5.65370240807533 0.0224251402541995
6.62886005293245 4.19232761859894 5.80664816498756 0.0225570164620876
7.282353163757 4.19232761859894 5.84989947080612 0.0246722288429737
8.00026960566488 4.19232761859894 6.1166718006134 0.0257596783339977
8.7889604258502 4.19232761859894 6.55145436525345 0.025921892374754
9.65540277698445 4.19232761859894 7.19545835256577 0.025921892374754
10.6072616405917 4.19232761859894 7.59595391154289 0.025921892374754
11.652957635301 4.19232761859894 7.63057568669319 0.025921892374754
12.8017415098423 4.19232761859894 8.25834065675735 0.025921892374754
14.0637759797867 4.19232761859894 9.11164700984955 0.025921892374754
15.4502256320018 4.19232761859894 9.73475232720375 0.025921892374754
16.9733556921592 4.19232761859894 10.3147058188915 0.025921892374754
18.6466405290436 4.19232761859894 10.4298094809055 0.0302434870973229
20.4848828555445 4.19232761859894 11.7208549976349 0.0312787778675556
22.5043446808435 4.19232761859894 12.8088001310825 0.0312787778675556
24.7228911722642 4.19232761859894 13.8486879467964 0.0325017534196377
27.1601486994604 4.19232761859894 15.1529520153999 0.0361013300716877
29.8376784590781 4.19232761859894 16.1974515616894 0.0369848869740963
32.7791672158637 4.19232761859894 16.652994543314 0.0379239656031132
36.0106368476078 4.19232761859894 17.4583472311497 0.0425256825983524
39.5606745476654 4.19232761859894 19.9762420654297 0.045808881521225
43.4606857215376 4.19232761859894 19.9762420654297 0.045808881521225
47.7451718147644 4.19232761859894 23.4263496398926 0.0595019049942493
52.4520355299337 4.19232761859894 23.4778137207031 0.0676444619894028
57.6229161329074 4.19232761859894 28.4383735656738 0.0813374854624271
63.3035578145519 4.19232761859894 31.3432660102844 0.0859991163015366
69.544214366683 4.19232761859894 35.1500141620636 0.0922836698591709
76.4000937521934 4.19232761859894 37.0433119833469 0.10374579206109
83.931846502249 4.19232761859894 37.816351801157 0.110170144587755
92.2061022611619 4.19232761859894 37.9267958700657 0.110170144587755
101.296059225481 4.19232761859894 37.9267958700657 0.110170144587755
111.282131691779 4.19232761859894 37.9267958700657 0.110170144587755
122.252661441653 4.19232761859894 37.9267958700657 0.110170144587755
134.304699257226 4.19232761859894 37.9267958700657 0.110170144587755
147.544863480807 4.19232761859894 37.9267958700657 0.110170144587755
162.090283213964 4.19232761859894 37.9267958700657 0.126281350851059
178.069634500022 4.19232761859894 37.9267958700657 0.126281350851059
195.624278656574 4.19232761859894 43.1430243551731 0.150275785475969
214.909512828253 4.19232761859894 43.1430243551731 0.150275785475969
