0.0194894644874591 0.586059033870697 0.0161841511726379 0.000285234302282333
0.0214107949537102 0.586059033870697 0.0161841511726379 0.000285234302282333
0.02352153599935 0.586059033870697 0.0161841511726379 0.000285234302282333
0.0258403602932476 0.586059033870697 0.0161841511726379 0.000285234302282333
0.0283877813125511 0.586059033870697 0.0161841511726379 0.000285234302282333
0.031186334815146 0.586059033870697 0.0161841511726379 0.000285234302282333
0.0342607782022183 0.586059033870697 0.0161841511726379 0.000285234302282333
0.0376383095345826 0.586059033870697 0.0161841511726379 0.000285234302282333
0.0413488081403046 0.586059033870697 0.0161841511726379 0.000285234302282333
0.0454250989421509 0.586059033870697 0.0279335975646973 0.000285234302282333
0.049903242843241 0.586059033870697 0.0279335975646973 0.000285234302282333
0.0548228557397956 0.586059033870697 0.0279335975646973 0.000285234302282333
0.0602274589831294 0.586059033870697 0.0279335975646973 0.000285234302282333
0.0661648643912481 0.651752918958664 0.224445328116417 0.000917024910449982
0.0726875972160561 0.651752918958664 0.224445328116417 0.00131823867559433
0.0798533608079529 0.967256665229797 0.316882193088531 0.0015336386859417
0.0877255470884733 0.967256665229797 0.316882193088531 0.0016840323805809
0.0963737973468674 1.00701880455017 0.328056573867798 0.00288031250238419
0.105874618321707 2.30101633071899 0.415318787097931 0.00351916998624802
0.116312059017685 2.30101633071899 0.415318787097931 0.00486631691455841
0.127778454245059 2.30101633071899 0.497899860143661 0.00486631691455841
0.140375241459478 2.74790793657303 0.55065393447876 0.00486631691455841
0.154213858128346 2.74790793657303 0.679797142744064 0.00640658289194107
0.169416727562279 2.74790793657303 0.828219324350357 0.00640658289194107
0.186118341932824 2.80583125352859 0.828219324350357 0.00687325000762939
0.204466452057337 3.0089550614357 0.862005949020386 0.00704491510987282
0.224623374476464 3.12219077348709 1.08346509933472 0.00988249480724335
0.24676742738728 3.39448344707489 1.08346509933472 0.0107455104589462
0.271094508135069 3.51117664575577 1.28664085268974 0.0116638541221619
0.297819826219024 3.7056565284729 1.40745174884796 0.0132007822394371
0.327179807142893 3.7056565284729 1.49597814679146 0.013740099966526
0.359434183953005 3.7056565284729 1.62798157334328 0.0156087353825569
0.39486829496644 3.7056565284729 1.7204053401947 0.0169083811342716
0.433795608016208 3.70566511154175 1.84826612472534 0.0194066911935806
0.476560493544171 3.93300080299377 2.10733079910278 0.0257988274097443
0.52354127107386 3.93300080299377 2.10733079910278 0.0257988274097443
0.575153556013824 3.93300080299377 2.28939235210419 0.0259821005165577
0.631853936398986 4.19232761859894 2.48970723152161 0.0280456356704235
0.694144012096307 4.19232761859894 2.48970723152161 0.0345924571156502
0.762574832207584 4.19232761859894 2.62927091121674 0.0394119247794151
0.83775176992486 4.19232761859894 2.69879698753357 0.0433200150728226
0.920339877963856 4.19232761859894 2.91749310493469 0.046329066157341
1.01106977195225 4.19232761859894 3.00644910335541 0.05052400380373
1.11074409382023 4.19232761859894 3.10171175003052 0.0512815341353416
1.2202446123716 4.19232761859894 3.32040786743164 0.0577600970864296
1.34054002385081 4.19232761859894 3.34136652946472 0.0632676407694817
1.47269452151343 4.19232761859894 3.43121993541718 0.0721361488103867
1.61787721001088 4.19232761859894 3.47202098369598 0.0749024450778961
1.77737244787375 4.19232761859894 3.60232245922089 0.0749024450778961
1.95259120958845 4.19232761859894 3.67469334602356 0.0806281566619873
2.14508356778179 4.19232761859894 3.77127015590668 0.0854963511228561
2.35655240593719 4.19232761859894 4.03389394283295 0.0914295464754105
2.58886848295193 4.19232761859894 4.06919991970062 0.0921749994158745
2.84408698280417 4.19232761859894 4.25831162929535 0.101946927607059
3.12446569573629 4.19232761859894 4.37961685657501 0.110525451600552
3.43248499179429 4.19232761859894 4.37961685657501 0.118698067963123
3.77086976341938 4.19232761859894 4.37961685657501 0.126559875905514
4.14261353120658 4.19232761859894 4.37961685657501 0.150970220565796
4.55100492608216 4.19232761859894 4.38855981826782 0.152698390185833
4.99965678217431 4.19232761859894 4.38855981826782 0.159995831549168
5.49253809774723 4.19232761859894 4.38855981826782 0.186113312840462
6.03400914694088 4.19232761859894 4.49849092960358 0.190487541258335
6.62886005293245 4.19232761859894 4.55092704296112 0.203949213027954
7.282353163757 4.19232761859894 4.69216990470886 0.22341825813055
8.00026960566488 4.19232761859894 4.69373512268066 0.243719451129436
8.7889604258502 4.19232761859894 4.69373512268066 0.267614744603634
9.65540277698445 4.19232761859894 4.69373512268066 0.278236955404282
10.6072616405917 4.19232761859894 4.69373512268066 0.317463867366314
11.652957635301 4.19232761859894 4.85218298435211 0.330429315567017
12.8017415098423 4.19232761859894 4.85218298435211 0.372760117053986
14.0637759797867 4.19232761859894 4.85218298435211 0.386404059827328
15.4502256320018 4.19232761859894 4.85218298435211 0.424609668552876
16.9733556921592 4.19232761859894 4.85218298435211 0.446974702179432
18.6466405290436 4.19232761859894 4.85218298435211 0.492831997573376
20.4848828555445 4.19232761859894 4.85218298435211 0.537792265415192
22.5043446808435 4.19232761859894 4.85218298435211 0.563088566064835
24.7228911722642 4.19232761859894 4.85218298435211 0.634754687547684
27.1601486994604 4.19232761859894 4.85218298435211 0.699837155640125
29.8376784590781 4.19232761859894 4.85218298435211 0.759027175605297
32.7791672158637 4.19232761859894 4.85218298435211 0.805074449628592
36.0106368476078 4.19232761859894 4.85218298435211 0.873079597949982
39.5606745476654 4.19232761859894 4.85218298435211 0.881266809999943
43.4606857215376 4.19232761859894 4.85218298435211 0.881266809999943
47.7451718147644 4.19232761859894 4.85218298435211 0.988959670066833
52.4520355299337 4.19232761859894 4.85218298435211 1.2326443195343
57.6229161329074 4.19232761859894 4.85218298435211 1.46179234981537
63.3035578145519 4.19232761859894 4.85218298435211 1.5143435895443
69.544214366683 4.19232761859894 4.85218298435211 1.69445160031319
76.4000937521934 4.19232761859894 4.85218298435211 1.86372252553701
83.931846502249 4.19232761859894 4.85218298435211 2.00444263219833
92.2061022611619 4.19232761859894 4.85218298435211 2.01262984424829
101.296059225481 4.19232761859894 4.85218298435211 2.07960796356201
111.282131691779 4.19232761859894 4.85218298435211 2.07960796356201
122.252661441653 4.19232761859894 4.85218298435211 2.28556144237518
134.304699257226 4.19232761859894 4.85218298435211 2.28556144237518
147.544863480807 4.19232761859894 4.85218298435211 2.28556144237518
162.090283213964 4.19232761859894 4.85218298435211 3.1079398393631
178.069634500022 4.19232761859894 4.85218298435211 3.1079398393631
195.624278656574 4.19232761859894 4.85218298435211 3.93966112285852
214.909512828253 4.19232761859894 4.85218298435211 3.93966112285852
