0.01 0.280783236026764 0.00357126072049141
0.0110261587867257 0.30907154083252 0.00388740003108978
0.0121576177590088 0.337300181388855 0.00437109917402267
0.0134051823879147 0.369214177131653 0.00470063090324402
0.0147807669574167 0.402917385101318 0.00514526665210724
0.0162975083462065 0.454867362976074 0.00584054738283157
0.017969891485326 0.508956253528595 0.00609954446554184
0.0198138876897434 0.551705956459045 0.00666850432753563
0.021847107184946 0.601905226707458 0.0076940506696701
0.024088967285183 0.669045090675354 0.00876438617706299
0.0265608778294669 0.737514495849609 0.00928082689642906
0.0292864456462524 0.840289235115051 0.0099748931825161
0.032291699999439 0.909625172615051 0.0112556368112564
0.0356053411687124 0.98946225643158 0.011812187731266
0.0392590145381765 1.09945034980774 0.0134834460914135
0.0432876128108306 1.18434941768646 0.0145416036248207
0.0477296092350519 1.36715793609619 0.0170913413167
0.0526274250254052 1.46616566181183 0.0171096622943878
0.0580278344866619 1.57742023468018 0.0196245647966862
0.0639824117099771 1.74412941932678 0.0209329277276993
0.0705480231071865 1.93072307109833 0.0249104537069798
0.0777873704869431 2.11030006408691 0.0265297070145607
0.0857695898590894 2.2837963104248 0.0299834907054901
0.0945709116858657 2.48384618759155 0.0318794921040535
0.104275388885377 2.76748490333557 0.0348104424774647
0.114975699539774 2.93024516105652 0.0368122905492783
0.126774031974041 3.10652279853821 0.0415241420269012
0.139783060657921 3.44832277297974 0.0442985221743584
0.154127022250875 3.75929522514343 0.0460989624261856
0.169942902066335 3.97420811653137 0.0520871952176094
0.187381742286038 4.21126556396484 0.0583018809556961
0.206610084417917 4.57539319992065 0.0608164817094803
0.227811559773075 4.8105001449585 0.0634515136480331
0.251188643150958 5.29503965377808 0.0714771151542664
0.276964586480464 5.62936735153198 0.0737928822636604
0.305385550883342 5.9316840171814 0.079786404967308
0.336722957521142 6.30927419662476 0.0844312682747841
0.3712760796764 6.821364402771 0.0927335247397423
0.409374900822501 7.28337955474854 0.106021702289581
0.451383265976898 7.87225723266602 0.106021702289581
0.497702356433211 8.31762504577637 0.119246326386929
0.548774521056013 8.85480785369873 0.127949088811874
0.605087500727294 9.53929710388184 0.138618409633636
0.667179086288214 10.2278680801392 0.14622563123703
0.735642254459641 11.0714883804321 0.164445638656616
0.811130830789687 11.8705015182495 0.181643813848495
0.894365733709581 12.930061340332 0.202676475048065
0.986141859328828 14.0612306594849 0.229923442006111
1.08733567271966 15.2358646392822 0.241729438304901
1.19891357818781 16.6429004669189 0.265607744455338
1.32194114846603 17.8804111480713 0.289825171232224
1.4575933009693 19.6443538665771 0.323753178119659
1.60716551829551 21.5317649841309 0.339869230985641
1.77208622012766 23.3303203582764 0.37674281001091
1.95393040468961 25.3395614624023 0.413972496986389
2.15443469003188 27.8515338897705 0.46070396900177
2.37551389879217 30.3390197753906 0.521244406700134
2.61927934481563 33.3201713562012 0.549643099308014
2.88805899627279 36.4759712219238 0.601423382759094
3.18441970783354 39.7888679504395 0.717551112174988
3.51119173421513 43.7858619689941 0.738025724887848
3.87149575920948 48.2396965026855 0.822959303855896
4.26877269831788 53.0282363891602 0.910724341869354
4.70681655960925 58.0894927978516 0.982018291950226
5.18981067662415 63.7289161682129 1.07931137084961
5.72236765935021 70.0780181884766 1.20687556266785
6.30957344480193 76.8316955566406 1.3602340221405
6.95703586788939 84.7709274291992 1.44399678707123
7.67093821642944 92.7820281982422 1.61014473438263
8.45809828175134 103.00732421875 1.78845596313477
9.3260334688322 113.108657836914 1.97490811347961
10.2830325877662 123.553337097168 2.1450080871582
11.3382350121785 137.653472900391 2.38440704345703
12.5017179605493 150.604476928711 2.60619258880615
13.7845927339877 165.85466003418 2.85492539405823
15.1991108295293 184.520080566406 3.1801290512085
16.7587809423433 201.510040283203 3.48804116249084
18.4784979742229 220.291488647461 3.88181972503662
20.3746852803971 245.6669921875 4.26542472839355
22.4654515131221 270.140106201172 4.7641921043396
24.7707635599171 297.408721923828 5.18867015838623
27.3126372280084 329.828094482422 5.76911306381226
30.1153474960257 361.64892578125 6.38828611373901
33.2056603408601 400.369384765625 6.93537664413452
36.6130883536403 441.726989746094 7.74642610549927
40.3701725859655 483.032012939453 8.49619770050049
44.5127933180376 537.746398925781 9.29812908172607
49.0805127165385 588.899475097656 10.2427911758423
54.1169526546463 650.0576171875 11.586841583252
59.6702113023847 718.578002929688 12.5510892868042
65.7933224657567 785.697326660156 14.0180149078369
72.544762061368 867.437866210938 15.3001880645752
79.9890065633877 955.934753417969 16.8882522583008
88.1971487560358 1053.44860839844 18.6642246246338
97.2475766720517 1166.18530273438 20.7742309570312
107.226722201032 1286.69592285156 22.6660556793213
118.229886516871 1413.9375 25.0073947906494
130.362150207157 1556.53784179688 27.8125610351562
143.73937679631 1723.74829101562 30.0522480010986
158.489319246111 1900.28723144531 33.1435775756836
