0.01 1.32119870185852 4.41629028320312
0.0110261587867257 1.32375073432922 4.41635990142822
0.0121576177590088 1.32375073432922 4.41641092300415
0.0134051823879147 1.32745552062988 4.41650056838989
0.0147807669574167 1.33100152015686 4.4169397354126
0.0162975083462065 1.33379077911377 4.41712856292725
0.017969891485326 1.34366321563721 4.41739463806152
0.0198138876897434 1.34366321563721 4.41739463806152
0.021847107184946 1.34997296333313 4.41772031784058
0.024088967285183 1.34997296333313 4.41796445846558
0.0265608778294669 1.41583788394928 4.41815853118896
0.0292864456462524 1.41583788394928 4.41947555541992
0.032291699999439 1.42772078514099 4.41947555541992
0.0356053411687124 1.50067210197449 4.41988563537598
0.0392590145381765 1.66478025913239 4.41999578475952
0.0432876128108306 1.6797217130661 4.42059946060181
0.0477296092350519 1.79819941520691 4.42128229141235
0.0526274250254052 1.80724763870239 4.42144250869751
0.0580278344866619 1.86112523078918 4.42182922363281
0.0639824117099771 1.93026065826416 4.42237091064453
0.0705480231071865 2.05470681190491 4.42517423629761
0.0777873704869431 2.15327167510986 4.42563676834106
0.0857695898590894 2.34744334220886 4.42689800262451
0.0945709116858657 2.56036448478699 4.42689800262451
0.104275388885377 2.73997068405151 4.42913961410522
0.114975699539774 2.99895906448364 4.43027114868164
0.126774031974041 3.19800901412964 4.43240976333618
0.139783060657921 3.39247822761536 4.43465089797974
0.154127022250875 3.67387270927429 4.43465089797974
0.169942902066335 3.92859125137329 4.43478345870972
0.187381742286038 4.19210767745972 4.43701839447021
0.206610084417917 4.59863090515137 4.44519662857056
0.227811559773075 4.90997219085693 4.44530725479126
0.251188643150958 5.26103973388672 4.44547176361084
0.276964586480464 5.62753105163574 4.45339107513428
0.305385550883342 6.10390663146973 4.45339107513428
0.336722957521142 6.48601102828979 4.45602464675903
0.3712760796764 6.91930818557739 4.47168827056885
0.409374900822501 7.72526359558105 4.47168827056885
0.451383265976898 8.02231025695801 4.47168827056885
0.497702356433211 8.78363132476807 4.47474765777588
0.548774521056013 9.48742961883545 4.48024082183838
0.605087500727294 10.0770483016968 4.48719930648804
0.667179086288214 11.0620708465576 4.50528383255005
0.735642254459641 11.7389345169067 4.50528383255005
0.811130830789687 12.9797897338867 4.51255512237549
0.894365733709581 13.9268531799316 4.53524208068848
0.986141859328828 15.0825939178467 4.54919528961182
1.08733567271966 16.1811237335205 4.55648469924927
1.19891357818781 17.8118648529053 4.57004833221436
1.32194114846603 19.3160591125488 4.61491870880127
1.4575933009693 20.9455318450928 4.61491870880127
1.60716551829551 23.8054428100586 4.6157922744751
1.77208622012766 24.9660530090332 4.63750743865967
1.95393040468961 27.6563243865967 4.66091156005859
2.15443469003188 29.6374492645264 4.70394992828369
2.37551389879217 32.8617477416992 4.71755504608154
2.61927934481563 35.4579200744629 4.76357936859131
2.88805899627279 38.6556777954102 4.79685497283936
3.18441970783354 42.2049407958984 4.8723201751709
3.51119173421513 46.7709465026855 4.87627744674683
3.87149575920948 51.2860717773438 4.88579177856445
4.26877269831788 56.2001152038574 4.94611644744873
4.70681655960925 61.7800559997559 4.97244930267334
5.18981067662415 68.6096343994141 5.0278205871582
5.72236765935021 75.0812835693359 5.0278205871582
6.30957344480193 83.0143966674805 5.16189861297607
6.95703586788939 90.5018692016602 5.20446300506592
7.67093821642944 98.5010833740234 5.21050786972046
8.45809828175134 108.457138061523 5.37180042266846
9.3260334688322 120.459533691406 5.42859792709351
10.2830325877662 133.113342285156 5.42859792709351
11.3382350121785 145.549774169922 5.64870643615723
12.5017179605493 160.943176269531 5.70438194274902
13.7845927339877 177.32194519043 5.78411149978638
15.1991108295293 194.172973632812 5.81382274627686
16.7587809423433 214.127532958984 6.13012504577637
18.4784979742229 238.659866333008 6.13012504577637
20.3746852803971 259.835998535156 6.31356334686279
22.4654515131221 288.012512207031 6.33703327178955
24.7707635599171 316.424865722656 6.81173896789551
27.3126372280084 346.080780029297 6.81173896789551
30.1153474960257 385.003143310547 6.81173896789551
33.2056603408601 421.638732910156 6.81173896789551
36.6130883536403 466.620147705078 6.96053791046143
40.3701725859655 517.452697753906 7.09101486206055
44.5127933180376 564.148254394531 7.09101486206055
49.0805127165385 628.33447265625 7.67388820648193
54.1169526546463 686.281127929688 8.07975196838379
59.6702113023847 757.967224121094 8.7876148223877
65.7933224657567 837.462463378906 9.18944549560547
72.544762061368 919.1630859375 10.1605701446533
79.9890065633877 1018.76306152344 11.0875911712646
88.1971487560358 1118.71606445312 12.2970199584961
97.2475766720517 1233.61279296875 13.672435760498
107.226722201032 1353.36022949219 14.837776184082
118.229886516871 1509.71569824219 16.3413219451904
130.362150207157 1656.70886230469 18.2121162414551
143.73937679631 1818.02172851562 20.0380153656006
158.489319246111 2025.1513671875 21.6860389709473
