0.0194894644874591 0.586059033870697 2.79396772384644e-09 0
0.0214107949537102 0.586059033870697 2.79396772384644e-09 0
0.02352153599935 0.586059033870697 2.79396772384644e-09 0
0.0258403602932476 0.586059033870697 2.79396772384644e-09 0
0.0283877813125511 0.586059033870697 2.79396772384644e-09 0
0.031186334815146 0.586059033870697 2.79396772384644e-09 0
0.0342607782022183 0.586059033870697 2.79396772384644e-09 0
0.0376383095345826 0.586059033870697 2.79396772384644e-09 0
0.0413488081403046 0.586059033870697 2.79396772384644e-09 0
0.0454250989421509 0.586059033870697 2.79396772384644e-09 0
0.049903242843241 0.586059033870697 2.79396772384644e-09 0
0.0548228557397956 0.586059033870697 2.79396772384644e-09 0
0.0602274589831294 0.586059033870697 2.79396772384644e-09 0
0.0661648643912481 0.651752918958664 2.79396772384644e-09 0
0.0726875972160561 0.651752918958664 5.58793544769287e-09 7.45058059692383e-09
0.0798533608079529 0.967256665229797 5.58793544769287e-09 7.45058059692383e-09
0.0877255470884733 0.967256665229797 7.45058059692383e-09 7.45058059692383e-09
0.0963737973468674 1.00701880455017 7.45058059692383e-09 7.45058059692383e-09
0.105874618321707 2.30101633071899 7.45058059692383e-09 7.45058059692383e-09
0.116312059017685 2.30101633071899 7.45058059692383e-09 7.45058059692383e-09
0.127778454245059 2.30101633071899 8.38190317153931e-09 7.45058059692383e-09
0.140375241459478 2.74790793657303 8.38190317153931e-09 7.45058059692383e-09
0.154213858128346 2.74790793657303 1.02445483207703e-08 1.49011611938477e-08
0.169416727562279 2.74790793657303 1.02445483207703e-08 1.49011611938477e-08
0.186118341932824 2.80583125352859 1.02445483207703e-08 1.49011611938477e-08
0.204466452057337 3.0089550614357 1.02445483207703e-08 1.49011611938477e-08
0.224623374476464 3.12219077348709 1.21071934700012e-08 1.49011611938477e-08
0.24676742738728 3.39448344707489 1.30385160446167e-08 1.49011611938477e-08
0.271094508135069 3.51117664575577 1.30385160446167e-08 1.49011611938477e-08
0.297819826219024 3.7056565284729 1.30385160446167e-08 1.49011611938477e-08
0.327179807142893 3.7056565284729 1.39698386192322e-08 1.49011611938477e-08
0.359434183953005 3.7056565284729 1.58324837684631e-08 1.49011611938477e-08
0.39486829496644 3.7056565284729 1.76951289176941e-08 1.49011611938477e-08
0.433795608016208 3.70566511154175 1.76951289176941e-08 2.23517417907715e-08
0.476560493544171 3.93300080299377 1.76951289176941e-08 2.23517417907715e-08
0.52354127107386 3.93300080299377 1.9557774066925e-08 2.98023223876953e-08
0.575153556013824 3.93300080299377 1.9557774066925e-08 2.98023223876953e-08
0.631853936398986 4.19232761859894 2.1420419216156e-08 2.98023223876953e-08
0.694144012096307 4.19232761859894 2.3283064365387e-08 2.98023223876953e-08
0.762574832207584 4.19232761859894 2.42143869400024e-08 2.98023223876953e-08
0.83775176992486 4.19232761859894 2.70083546638489e-08 2.98023223876953e-08
0.920339877963856 4.19232761859894 2.88709998130798e-08 3.72529029846191e-08
1.01106977195225 4.19232761859894 3.07336449623108e-08 3.72529029846191e-08
1.11074409382023 4.19232761859894 3.16649675369263e-08 4.4703483581543e-08
1.2202446123716 4.19232761859894 3.53902578353882e-08 4.4703483581543e-08
1.34054002385081 4.19232761859894 3.81842255592346e-08 4.4703483581543e-08
1.47269452151343 4.19232761859894 4.09781932830811e-08 4.4703483581543e-08
1.61787721001088 4.19232761859894 4.09781932830811e-08 5.21540641784668e-08
1.77737244787375 4.19232761859894 4.74974513053894e-08 5.96046447753906e-08
1.95259120958845 4.19232761859894 4.74974513053894e-08 5.96046447753906e-08
2.14508356778179 4.19232761859894 5.12227416038513e-08 6.70552253723145e-08
2.35655240593719 4.19232761859894 5.12227416038513e-08 7.45058059692383e-08
2.58886848295193 4.19232761859894 5.68106770515442e-08 7.45058059692383e-08
2.84408698280417 4.19232761859894 5.68106770515442e-08 7.45058059692383e-08
3.12446569573629 4.19232761859894 5.96046447753906e-08 7.45058059692383e-08
3.43248499179429 4.19232761859894 6.89178705215454e-08 7.45058059692383e-08
3.77086976341938 4.19232761859894 7.72997736930847e-08 8.19563865661621e-08
4.14261353120658 4.19232761859894 7.91624188423157e-08 8.94069671630859e-08
4.55100492608216 4.19232761859894 8.10250639915466e-08 8.94069671630859e-08
4.99965678217431 4.19232761859894 8.7544322013855e-08 9.68575477600098e-08
5.49253809774723 4.19232761859894 8.7544322013855e-08 9.68575477600098e-08
6.03400914694088 4.19232761859894 8.7544322013855e-08 9.68575477600098e-08
6.62886005293245 4.19232761859894 8.7544322013855e-08 1.04308128356934e-07
7.282353163757 4.19232761859894 8.7544322013855e-08 1.04308128356934e-07
8.00026960566488 4.19232761859894 9.77888703346252e-08 1.19209289550781e-07
8.7889604258502 4.19232761859894 1.04308128356934e-07 1.26659870147705e-07
9.65540277698445 4.19232761859894 1.04308128356934e-07 1.34110450744629e-07
10.6072616405917 4.19232761859894 1.13621354103088e-07 1.34110450744629e-07
11.652957635301 4.19232761859894 1.18277966976166e-07 1.41561031341553e-07
12.8017415098423 4.19232761859894 1.18277966976166e-07 1.41561031341553e-07
14.0637759797867 4.19232761859894 1.18277966976166e-07 1.41561031341553e-07
15.4502256320018 4.19232761859894 1.18277966976166e-07 1.41561031341553e-07
16.9733556921592 4.19232761859894 2.02096998691559e-07 2.23517417907715e-07
18.6466405290436 4.19232761859894 2.02096998691559e-07 2.23517417907715e-07
20.4848828555445 4.19232761859894 2.02096998691559e-07 2.23517417907715e-07
22.5043446808435 4.19232761859894 2.02096998691559e-07 2.23517417907715e-07
24.7228911722642 4.19232761859894 2.02096998691559e-07 2.23517417907715e-07
27.1601486994604 4.19232761859894 2.02096998691559e-07 2.23517417907715e-07
29.8376784590781 4.19232761859894 2.02096998691559e-07 2.23517417907715e-07
32.7791672158637 4.19232761859894 2.17929482460022e-07 2.23517417907715e-07
36.0106368476078 4.19232761859894 2.85916030406952e-07 2.75671482086182e-07
39.5606745476654 4.19232761859894 2.85916030406952e-07 2.75671482086182e-07
43.4606857215376 4.19232761859894 2.93366611003876e-07 3.27825546264648e-07
47.7451718147644 4.19232761859894 2.93366611003876e-07 3.27825546264648e-07
52.4520355299337 4.19232761859894 2.93366611003876e-07 3.27825546264648e-07
57.6229161329074 4.19232761859894 4.95463609695435e-07 5.51342964172363e-07
63.3035578145519 4.19232761859894 4.95463609695435e-07 5.51342964172363e-07
69.544214366683 4.19232761859894 4.95463609695435e-07 5.51342964172363e-07
76.4000937521934 4.19232761859894 5.48548996448517e-07 5.66244125366211e-07
83.931846502249 4.19232761859894 6.69620931148529e-07 7.07805156707764e-07
92.2061022611619 4.19232761859894 7.63684511184692e-07 8.04662704467773e-07
101.296059225481 4.19232761859894 8.12113285064697e-07 9.83476638793945e-07
111.282131691779 4.19232761859894 8.12113285064697e-07 9.83476638793945e-07
122.252661441653 4.19232761859894 1.01421028375626e-06 1.20699405670166e-06
134.304699257226 4.19232761859894 1.01421028375626e-06 1.20699405670166e-06
147.544863480807 4.19232761859894 1.01421028375626e-06 1.20699405670166e-06
162.090283213964 4.19232761859894 1.30757689476013e-06 1.53481960296631e-06
178.069634500022 4.19232761859894 1.30757689476013e-06 1.53481960296631e-06
195.624278656574 4.19232761859894 1.59349292516708e-06 1.81049108505249e-06
214.909512828253 4.19232761859894 1.59349292516708e-06 1.81049108505249e-06
