0.01 54.3812065124512 3.7748167514801
0.0110261587867257 54.3829193115234 3.77482914924622
0.0121576177590088 54.3895797729492 3.77485466003418
0.0134051823879147 54.3895797729492 3.77486276626587
0.0147807669574167 54.3899040222168 3.77488422393799
0.0162975083462065 54.4033546447754 3.77490472793579
0.017969891485326 54.4113082885742 3.77493000030518
0.0198138876897434 54.4113082885742 3.77497863769531
0.021847107184946 54.4158515930176 3.77500295639038
0.024088967285183 54.4242973327637 3.77504825592041
0.0265608778294669 54.4307250976562 3.77509474754333
0.0292864456462524 54.4491386413574 3.77511978149414
0.032291699999439 54.454963684082 3.77520513534546
0.0356053411687124 54.4608840942383 3.77520513534546
0.0392590145381765 54.4608840942383 3.77522158622742
0.0432876128108306 54.4773139953613 3.77536153793335
0.0477296092350519 54.4804916381836 3.77540588378906
0.0526274250254052 54.5148239135742 3.77555680274963
0.0580278344866619 54.5221786499023 3.7756655216217
0.0639824117099771 54.5741348266602 3.7756655216217
0.0705480231071865 54.5741348266602 3.77581667900085
0.0777873704869431 54.5806198120117 3.77600288391113
0.0857695898590894 54.5827484130859 3.77600288391113
0.0945709116858657 54.6147270202637 3.77615332603455
0.104275388885377 54.6847991943359 3.77615332603455
0.114975699539774 54.6938018798828 3.77632522583008
0.126774031974041 54.7188110351562 3.7770094871521
0.139783060657921 54.7899780273438 3.77717161178589
0.154127022250875 54.8833770751953 3.77750706672668
0.169942902066335 54.8833770751953 3.77764987945557
0.187381742286038 54.8833770751953 3.77764987945557
0.206610084417917 54.968692779541 3.77808523178101
0.227811559773075 55.0666542053223 3.77812504768372
0.251188643150958 55.1467094421387 3.77874684333801
0.276964586480464 55.2240371704102 3.7794885635376
0.305385550883342 55.2240371704102 3.7794885635376
0.336722957521142 55.3133354187012 3.78017497062683
0.3712760796764 55.478084564209 3.78022456169128
0.409374900822501 55.6566619873047 3.78087592124939
0.451383265976898 55.7187042236328 3.78127837181091
0.497702356433211 56.0642967224121 3.78159308433533
0.548774521056013 56.0832252502441 3.78300666809082
0.605087500727294 56.0832252502441 3.78412222862244
0.667179086288214 56.2988357543945 3.78412222862244
0.735642254459641 56.4064178466797 3.78412222862244
0.811130830789687 56.5308227539062 3.78682255744934
0.894365733709581 57.4521713256836 3.78703856468201
0.986141859328828 57.4521713256836 3.78795433044434
1.08733567271966 57.8221588134766 3.78852152824402
1.19891357818781 58.5974197387695 3.79277348518372
1.32194114846603 58.5974197387695 3.7928991317749
1.4575933009693 59.3408851623535 3.7928991317749
1.60716551829551 59.5306091308594 3.79341554641724
1.77208622012766 59.7481689453125 3.79874587059021
1.95393040468961 59.9879341125488 3.79874587059021
2.15443469003188 60.2772369384766 3.80138778686523
2.37551389879217 61.503791809082 3.80138778686523
2.61927934481563 62.5936012268066 3.80620336532593
2.88805899627279 62.7313117980957 3.80692839622498
3.18441970783354 64.576416015625 3.80925321578979
3.51119173421513 65.8356552124023 3.81141328811646
3.87149575920948 67.6615295410156 3.81141328811646
4.26877269831788 67.6615295410156 3.82164883613586
4.70681655960925 68.7608108520508 3.82251811027527
5.18981067662415 69.7685165405273 3.82932019233704
5.72236765935021 71.2986373901367 3.82982635498047
6.30957344480193 71.2986373901367 3.84101724624634
6.95703586788939 75.3763656616211 3.84729409217834
7.67093821642944 80.109619140625 3.84729409217834
8.45809828175134 82.3936996459961 3.87794709205627
9.3260334688322 84.4156265258789 3.886638879776
10.2830325877662 84.8526916503906 3.886638879776
11.3382350121785 95.9547271728516 3.886638879776
12.5017179605493 96.1735153198242 3.89117002487183
13.7845927339877 99.5410690307617 3.89749670028687
15.1991108295293 104.911102294922 3.99213981628418
16.7587809423433 113.124435424805 3.99213981628418
18.4784979742229 113.124435424805 3.99851179122925
20.3746852803971 130.679870605469 3.99851179122925
22.4654515131221 130.679870605469 4.04499340057373
24.7707635599171 148.781311035156 4.04499340057373
27.3126372280084 151.803253173828 4.09726572036743
30.1153474960257 168.125610351562 4.13778448104858
33.2056603408601 183.589126586914 4.13778448104858
36.6130883536403 209.456481933594 4.13778448104858
40.3701725859655 223.732482910156 4.13778448104858
44.5127933180376 234.688049316406 4.17560529708862
49.0805127165385 259.428955078125 4.19781160354614
54.1169526546463 281.813385009766 4.19781160354614
59.6702113023847 320.053833007812 4.19781160354614
65.7933224657567 345.893127441406 4.19781160354614
72.544762061368 386.1513671875 4.40379667282104
79.9890065633877 423.326690673828 4.40379667282104
88.1971487560358 466.487670898438 4.40379667282104
97.2475766720517 513.605712890625 4.45587396621704
107.226722201032 565.350646972656 4.45587396621704
118.229886516871 621.037414550781 4.66156673431396
130.362150207157 697.119567871094 4.78732347488403
143.73937679631 753.602783203125 5.30168342590332
158.489319246111 833.90087890625 5.79843664169312
