1.64352567634172 0 0.000700280636250624 0.000119897981368768
1.6440921328502 0 0.000700280636250624 0.000119897981368768
1.70349519045913 0 0.00204260920015468 0.000119897981368768
1.76504455312164 0 0.00204260920015468 0.000119897981368768
1.8288177694618 0 0.00204260920015468 0.000119897981368768
1.89489519003021 0 0.00204260920015468 0.000119897981368768
1.96336006854107 0 0.00204260920015468 0.000159491530812794
2.03429866676696 0 0.00226861845219642 0.000159491530812794
2.10780036322374 0 0.00269729417971776 0.00018031537712742
2.18395776578221 0 0.00269729417971776 0.000197879479427154
2.26364674658258 0 0.00345150134953387 0.000197879479427154
2.34543506939415 0 0.00345150134953387 0.000202456471854397
2.43017850424271 0 0.00431559618035567 0.000258973211760648
2.51798382293689 0 0.00431559618035567 0.000275447351309678
2.60896165508122 0 0.00461096553503502 0.000275447351309678
2.70322662746303 0 0.00461096553503502 0.00036496691017153
2.80089750847551 0 0.00461096553503502 0.00036496691017153
2.90209735775904 0 0.00567670197678629 0.00036496691017153
3.00695368124914 0 0.00567670197678629 0.00047937572829687
3.1155985918266 0 0.00684954256469808 0.00047937572829687
3.22816897577201 0 0.00684954256469808 0.00047937572829687
3.34480666523452 0 0.00701921411902178 0.00047937572829687
3.46565861693214 0 0.00718036945895772 0.000522221895594469
3.59087709730866 0 0.00777658962965975 0.000575723100879947
3.72061987438053 0 0.00817239540253524 0.000575723100879947
3.85505041651542 0 0.00840230942013435 0.000575723100879947
3.99571478440722 0 0.00887639607792713 0.000583552895832829
4.14008484176861 0 0.00962408542977544 0.000704031581719442
4.28967116570234 0 0.0102485327604724 0.000704031581719442
4.44466222629322 0 0.0103125836423808 0.000704031581719442
4.60525330328049 0 0.0120300175178661 0.000704031581719442
4.77164673209899 0 0.0120300175178661 0.000714831481786249
4.94405215881005 1.4142135623731 0.013098413066109 0.000812042955715752
5.12268680424332 1.4142135623731 0.013098413066109 0.000901461961464893
5.30777573768248 1.4142135623731 0.0132533956795171 0.00105267081455051
5.49955216043941 1.4142135623731 0.0140770349663607 0.00105267081455051
5.69825769967433 1.4142135623731 0.0148755118136806 0.00105267081455051
5.90414271283199 1.4142135623731 0.0168000721668802 0.00105267081455051
6.11746660307752 1.4142135623731 0.0168000721668802 0.00105267081455051
6.33849814612938 1.4142135623731 0.0168000721668802 0.0011080975245486
6.56751582890112 1.4142135623731 0.0173720648552665 0.00110985042543904
6.80480820037876 1.4142135623731 0.0191889496846435 0.00132955541187588
7.05310431604837 1.4142135623731 0.0203208610841794 0.00132955541187588
7.30794159288738 1.4142135623731 0.0209831156412491 0.00132955541187588
7.57198645191386 1.4142135623731 0.0219939449925343 0.00136401459236908
7.84557157432259 1.4142135623731 0.0248888330321072 0.00136401459236908
8.12904166148644 1.4142135623731 0.0255493669622827 0.0014166238745713
8.42275386926004 1.4142135623731 0.0275844080937866 0.0014987509373757
8.72707825797546 1.4142135623731 0.0277360738604839 0.0014987509373757
9.04239825869672 1.4142135623731 0.0343967680308183 0.00159126262186194
9.36911115632067 1.4142135623731 0.0343967680308183 0.00168831743317162
9.70762859013291 1.4142135623731 0.0343967680308183 0.00168831743317162
10.0583770724494 1.4142135623731 0.0368039435623468 0.00168831743317162
10.4217985259973 1.4142135623731 0.0368039435623468 0.00168831743317162
10.7983508407117 1.4142135623731 0.0398409817389482 0.00179725304055736
11.1885084506506 1.4142135623731 0.043133186812856 0.00189698652502534
11.5927629317542 1.4142135623731 0.043133186812856 0.00189698652502534
12.0116236212022 1.4142135623731 0.0448597172033507 0.00192083648777659
12.4499077579783 1.4142135623731 0.0463001218801499 0.00197097868993998
12.899738137308 1.4142135623731 0.0485301117396909 0.00218384331190753
13.3658214378723 1.4142135623731 0.0497068083060019 0.00230193760874357
13.8487448975741 1.4142135623731 0.0526090536877669 0.00230193760874357
14.3491169719394 1.4142135623731 0.0540259118510193 0.00230193760874357
14.8675681007358 1.4142135623731 0.0601739517637882 0.00230193760874357
15.4047515022898 1.4142135623731 0.0624713889354064 0.00236940186065917
15.9613439965044 1.4142135623731 0.0649212561110726 0.00245842369527395
16.5380468576126 1.4142135623731 0.0669559051420606 0.00249223341664039
17.1355866977424 1.4142135623731 0.0745137901954539 0.00267372904455558
17.7547163824056 1.4142135623731 0.0745137901954539 0.00267372904455558
18.3962159790649 1.4142135623731 0.0773296039335666 0.00281182126078438
19.0608937399737 1.4142135623731 0.0828973804373329 0.00284177536037767
19.7495871205268 1.4142135623731 0.0899903393876369 0.00286091966345774
20.4631638344055 1.4142135623731 0.0899903393876369 0.00286242258427649
21.202522946847 1.4142135623731 0.0923127984107595 0.0029228824369656
21.9761676896635 1.4142135623731 0.0925033822346833 0.00304635961803212
22.7701934800731 1.4142135623731 0.0942363477056964 0.00304635961803212
23.5929083924778 1.4142135623731 0.0947710643444903 0.00308921105968249
24.4453489999095 1.4142135623731 0.0947710643444903 0.00314782044013058
25.3285893280501 1.4142135623731 0.0954581047229837 0.00320026436851723
26.2437422084417 1.4142135623731 0.0960815357356566 0.00320026436851723
27.1919606805898 1.4142135623731 0.096112212679765 0.00320026436851723
28.174439444726 1.4142135623731 0.0962891572276689 0.00320804235296133
29.1924163670612 1.4142135623731 0.0962891572276689 0.0032886822088282
30.2471740394247 1.4142135623731 0.0962891572276689 0.0032886822088282
31.3400413952561 1.4142135623731 0.0962891572276689 0.0032886822088282
32.4723953839837 1.4142135623731 0.0962891572276689 0.0032886822088282
33.6456627059011 1.4142135623731 0.0962891572276689 0.0032886822088282
34.8613216097269 1.4142135623731 0.0962891572276689 0.0032886822088282
36.1209037551118 1.4142135623731 0.0962891572276689 0.0032886822088282
37.4259961424415 1.4142135623731 0.0962891572276689 0.0032886822088282
38.7916083968349 1.4142135623731 0.0962891572276689 0.0032886822088282
40.193196606095 1.4142135623731 0.0962891572276689 0.0032886822088282
41.645425909899 1.4142135623731 0.0962891572276689 0.0032886822088282
43.1501260328692 1.4142135623731 0.0962891572276689 0.0032886822088282
44.709192809814 1.4142135623731 0.0962891572276689 0.0032886822088282
46.3245905743698 1.4142135623731 0.0962891572276689 0.0032886822088282
47.9983546339476 1.4142135623731 0.0962891572276689 0.0032886822088282
49.7325938341019 1.4142135623731 0.0962891572276689 0.0032886822088282
51.5294932155538 1.4142135623731 0.0962891572276689 0.0032886822088282
51.5472533377297 1.4142135623731 0.0962891572276689 0.0032886822088282
