1.64352567634172 0 0.0605190448280845 0.000102022481690365
1.6440921328502 0 0.0605190448280845 0.000102022481690365
1.70349519045913 0 0.0605190448280845 0.000137177712356294
1.76504455312164 0 0.0605190448280845 0.000137177712356294
1.8288177694618 0 0.0605190448280845 0.000137177712356294
1.89489519003021 0 0.0605190448280845 0.000170413300912913
1.96336006854107 0 0.0820352331796491 0.000170413300912913
2.03429866676696 0 0.12248177067889 0.000171181099995665
2.10780036322374 0 0.12248177067889 0.00023354130589882
2.18395776578221 0 0.12248177067889 0.00023354130589882
2.26364674658258 0 0.12248177067889 0.00023354130589882
2.34543506939415 0 0.143645049089655 0.000294580736893036
2.43017850424271 0 0.230353441792836 0.000294580736893036
2.51798382293689 0 0.230353441792836 0.000294580736893036
2.60896165508122 0 0.291968729664966 0.000308245616481128
2.70322662746303 0 0.291968729664966 0.000309949772865065
2.80089750847551 0 0.291968729664966 0.000321128829639767
2.90209735775904 0 0.291968729664966 0.000321128829639767
3.00695368124914 0 0.310600990898792 0.000377631002218093
3.1155985918266 0 0.34770845195424 0.000377631002218093
3.22816897577201 0 0.34770845195424 0.000441955523634124
3.34480666523452 0 0.375960292158528 0.000441955523634124
3.46565861693214 0 0.404189682258647 0.0004633132250596
3.59087709730866 0 0.404189682258647 0.0004633132250596
3.72061987438053 0 0.404189682258647 0.000488073488236829
3.85505041651542 0 0.434651463146362 0.000488073488236829
3.99571478440722 0 0.462829801495282 0.000538200754984458
4.14008484176861 0 0.505276650588756 0.00056577004929994
4.28967116570234 0 0.531768580968987 0.000572509763311432
4.44466222629322 0 0.531768580968987 0.000629465740444439
4.60525330328049 0 0.55768844651212 0.000629465740444439
4.77164673209899 0 0.584916573662551 0.000654731723713921
4.94405215881005 1.4142135623731 0.597518246458136 0.00070455260705204
5.12268680424332 1.4142135623731 0.604059739566096 0.00070455260705204
5.30777573768248 1.4142135623731 0.661159087022877 0.000781953167909988
5.49955216043941 1.4142135623731 0.745583766292809 0.000781953167909988
5.69825769967433 1.4142135623731 0.755369831670974 0.000793759339091648
5.90414271283199 1.4142135623731 0.790571908231911 0.000823548359153474
6.11746660307752 1.4142135623731 0.790571908231911 0.000853069568153815
6.33849814612938 1.4142135623731 0.805255583717439 0.00086176325786052
6.56751582890112 1.4142135623731 0.981935400261171 0.00090050546436619
6.80480820037876 1.4142135623731 0.981935400261171 0.00101584784117862
7.05310431604837 1.4142135623731 1.03920232306445 0.00101584784117862
7.30794159288738 1.4142135623731 1.03920232306445 0.0010533713997621
7.57198645191386 1.4142135623731 1.14487005083169 0.0010533713997621
7.84557157432259 1.4142135623731 1.14487005083169 0.00119731425138726
8.12904166148644 1.4142135623731 1.14487005083169 0.00121319809203762
8.42275386926004 1.4142135623731 1.26545622517862 0.00128981690775232
8.72707825797546 1.4142135623731 1.26545622517862 0.00128981690775232
9.04239825869672 1.4142135623731 1.26545622517862 0.0015205739723746
9.36911115632067 1.4142135623731 1.26545622517862 0.0015205739723746
9.70762859013291 1.4142135623731 1.27389225066073 0.0015205739723746
10.0583770724494 1.4142135623731 1.30895839712614 0.0015205739723746
10.4217985259973 1.4142135623731 1.30895839712614 0.00163260802886715
10.7983508407117 1.4142135623731 1.33299221309464 0.00168198243787742
11.1885084506506 1.4142135623731 1.35267919381701 0.00180881522191544
11.5927629317542 1.4142135623731 1.35299619122467 0.00180881522191544
12.0116236212022 1.4142135623731 1.35970546891637 0.00183684299338975
12.4499077579783 1.4142135623731 1.37964967970002 0.00190793911441791
12.899738137308 1.4142135623731 1.38055411813601 0.0019492308226538
13.3658214378723 1.4142135623731 1.39654926824204 0.00202979044496936
13.8487448975741 1.4142135623731 1.40131230599981 0.00216149919266024
14.3491169719394 1.4142135623731 1.40448443832012 0.00220713131734842
14.8675681007358 1.4142135623731 1.40721642864089 0.0022672210980257
15.4047515022898 1.4142135623731 1.40877169558615 0.00238282187583917
15.9613439965044 1.4142135623731 1.40945509150231 0.0024500753626472
16.5380468576126 1.4142135623731 1.4102670894637 0.00254128232190024
17.1355866977424 1.4142135623731 1.41135830675886 0.00254128232190024
17.7547163824056 1.4142135623731 1.41196227693742 0.00261505202717093
18.3962159790649 1.4142135623731 1.41220169121424 0.00278769973178978
19.0608937399737 1.4142135623731 1.41220169121424 0.00295150520772781
19.7495871205268 1.4142135623731 1.41220169121424 0.00295150520772781
20.4631638344055 1.4142135623731 1.41239983844864 0.00321853822207231
21.202522946847 1.4142135623731 1.41344075574242 0.00321853822207231
21.9761676896635 1.4142135623731 1.41344075574242 0.00321853822207231
22.7701934800731 1.4142135623731 1.41345640111263 0.00321853822207231
23.5929083924778 1.4142135623731 1.41345640111263 0.00321853822207231
24.4453489999095 1.4142135623731 1.41345640111263 0.00321853822207231
25.3285893280501 1.4142135623731 1.41345640111263 0.00336171792805573
26.2437422084417 1.4142135623731 1.41345640111263 0.00336171792805573
27.1919606805898 1.4142135623731 1.41345640111263 0.00339434871791667
28.174439444726 1.4142135623731 1.41345640111263 0.00339434871791667
29.1924163670612 1.4142135623731 1.41345640111263 0.00339434871791667
30.2471740394247 1.4142135623731 1.41345640111263 0.00339434871791667
31.3400413952561 1.4142135623731 1.41345640111263 0.00339434871791667
32.4723953839837 1.4142135623731 1.41345640111263 0.00339434871791667
33.6456627059011 1.4142135623731 1.41345640111263 0.00339434871791667
34.8613216097269 1.4142135623731 1.41345640111263 0.00339434871791667
36.1209037551118 1.4142135623731 1.41345640111263 0.00339434871791667
37.4259961424415 1.4142135623731 1.41345640111263 0.00339434871791667
38.7916083968349 1.4142135623731 1.41345640111263 0.00339434871791667
40.193196606095 1.4142135623731 1.41345640111263 0.00339434871791667
41.645425909899 1.4142135623731 1.41345640111263 0.00339434871791667
43.1501260328692 1.4142135623731 1.41345640111263 0.00339434871791667
44.709192809814 1.4142135623731 1.41345640111263 0.00339434871791667
46.3245905743698 1.4142135623731 1.41345640111263 0.00339434871791667
47.9983546339476 1.4142135623731 1.41345640111263 0.00339434871791667
49.7325938341019 1.4142135623731 1.41345640111263 0.00339434871791667
51.5294932155538 1.4142135623731 1.41345640111263 0.00339434871791667
51.5472533377297 1.4142135623731 1.41345640111263 0.00339434871791667
