1.64352567634172 0 0.000174265574998634 0.000544603359360582
1.6440921328502 0 0.000174265574998634 0.000544603359360582
1.70349519045913 0 0.000174265574998634 0.000833732949583623
1.76504455312164 0 0.000174265574998634 0.000833732949583623
1.8288177694618 0 0.000174265574998634 0.000833732949583623
1.89489519003021 0 0.000174265574998634 0.00104976881602587
1.96336006854107 0 0.000174265574998634 0.00104976881602587
2.03429866676696 0 0.000492940261530638 0.00156142893697994
2.10780036322374 0 0.000492940261530638 0.00156142893697994
2.18395776578221 0 0.000492940261530638 0.00158729080196856
2.26364674658258 0 0.0010606086867301 0.00162262944396374
2.34543506939415 0 0.00425515996474575 0.0019820711023286
2.43017850424271 0 0.00425515996474575 0.0019820711023286
2.51798382293689 0 0.00425515996474575 0.0019820711023286
2.60896165508122 0 0.00425515996474575 0.00222455963147887
2.70322662746303 0 0.00425515996474575 0.00240105542603258
2.80089750847551 0 0.00585712768225857 0.0025816981102415
2.90209735775904 0 0.0285966477673325 0.00311838984081579
3.00695368124914 0 0.0285966477673325 0.00354121137751907
3.1155985918266 0 0.0285966477673325 0.00354121137751907
3.22816897577201 0 0.0285966477673325 0.00354121137751907
3.34480666523452 0 0.0285966477673325 0.00354121137751907
3.46565861693214 0 0.0285966477673325 0.00354121137751907
3.59087709730866 0 0.0299346722101157 0.00354121137751907
3.72061987438053 0 0.0333952498396943 0.00354121137751907
3.85505041651542 0 0.0347868367783168 0.00411369148229842
3.99571478440722 0 0.0347868367783168 0.00411369148229842
4.14008484176861 0 0.0763577413899736 0.00414246016613699
4.28967116570234 0 0.0763577413899736 0.00433245757443465
4.44466222629322 0 0.0909471503048806 0.00479933388768681
4.60525330328049 0 0.0909471503048806 0.00479933388768681
4.77164673209899 0 0.0909471503048806 0.0049653260371002
4.94405215881005 1.4142135623731 1.044238221779 0.00520713071470367
5.12268680424332 1.4142135623731 1.044238221779 0.00520713071470367
5.30777573768248 1.4142135623731 1.044238221779 0.0054139958801911
5.49955216043941 1.4142135623731 1.044238221779 0.00622036492263662
5.69825769967433 1.4142135623731 1.3727183824406 0.00622036492263662
5.90414271283199 1.4142135623731 1.3727183824406 0.00622036492263662
6.11746660307752 1.4142135623731 1.3727183824406 0.00642700883687873
6.33849814612938 1.4142135623731 1.3727183824406 0.00699186402287012
6.56751582890112 1.4142135623731 1.40518245521028 0.00699186402287012
6.80480820037876 1.4142135623731 1.40518245521028 0.00709379421875715
7.05310431604837 1.4142135623731 1.40590724622104 0.00734126734810711
7.30794159288738 1.4142135623731 1.40907576745104 0.00771637301310001
7.57198645191386 1.4142135623731 1.41170395346928 0.00796441051964009
7.84557157432259 1.4142135623731 1.41340186864902 0.00809231589490306
8.12904166148644 1.4142135623731 1.41346187933752 0.00841630619754002
8.42275386926004 1.4142135623731 1.41380297187226 0.00905939330512222
8.72707825797546 1.4142135623731 1.41396878347914 0.00975754796176552
9.04239825869672 1.4142135623731 1.41408187110845 0.00988762490639776
9.36911115632067 1.4142135623731 1.41408771722316 0.0103547215065427
9.70762859013291 1.4142135623731 1.41414242374015 0.0112125113664505
10.0583770724494 1.4142135623731 1.41419092941322 0.0112170768867217
10.4217985259973 1.4142135623731 1.41419092941322 0.0112170768867217
10.7983508407117 1.4142135623731 1.41419826708929 0.0119888754412563
11.1885084506506 1.4142135623731 1.4142051133571 0.013196335465032
11.5927629317542 1.4142135623731 1.41421285860704 0.013196335465032
12.0116236212022 1.4142135623731 1.41421285860704 0.0138828819938416
12.4499077579783 1.4142135623731 1.41421326804925 0.0144953720416502
12.899738137308 1.4142135623731 1.41421337452379 0.0153508846528311
13.3658214378723 1.4142135623731 1.41421354147303 0.0153508846528311
13.8487448975741 1.4142135623731 1.4142135490297 0.0155535651095792
14.3491169719394 1.4142135623731 1.4142135521051 0.0158762611159702
14.8675681007358 1.4142135623731 1.41421355261549 0.0168946105572896
15.4047515022898 1.4142135623731 1.41421356005471 0.0179637995090527
15.9613439965044 1.4142135623731 1.41421356105861 0.0179637995090527
16.5380468576126 1.4142135623731 1.41421356125403 0.0192682262534607
17.1355866977424 1.4142135623731 1.41421356148086 0.0203403253080439
17.7547163824056 1.4142135623731 1.41421356236227 0.0207563291769158
18.3962159790649 1.4142135623731 1.41421356237296 0.0211326288323856
19.0608937399737 1.4142135623731 1.41421356237296 0.0221892097757624
19.7495871205268 1.4142135623731 1.41421356237308 0.02281685906031
20.4631638344055 1.4142135623731 1.41421356237309 0.0235263455872889
21.202522946847 1.4142135623731 1.41421356237309 0.0259371226808678
21.9761676896635 1.4142135623731 1.41421356237309 0.0259371226808678
22.7701934800731 1.4142135623731 1.4142135623731 0.027257148244738
23.5929083924778 1.4142135623731 1.4142135623731 0.0274291438514839
24.4453489999095 1.4142135623731 1.4142135623731 0.0274291438514839
25.3285893280501 1.4142135623731 1.4142135623731 0.0274291438514839
26.2437422084417 1.4142135623731 1.4142135623731 0.0275675371164389
27.1919606805898 1.4142135623731 1.4142135623731 0.0275675371164389
28.174439444726 1.4142135623731 1.4142135623731 0.0275675371164389
29.1924163670612 1.4142135623731 1.4142135623731 0.0275675371164389
30.2471740394247 1.4142135623731 1.4142135623731 0.0275675371164389
31.3400413952561 1.4142135623731 1.4142135623731 0.0275675371164389
32.4723953839837 1.4142135623731 1.4142135623731 0.0275675371164389
33.6456627059011 1.4142135623731 1.4142135623731 0.0275675371164389
34.8613216097269 1.4142135623731 1.4142135623731 0.0275675371164389
36.1209037551118 1.4142135623731 1.4142135623731 0.0275675371164389
37.4259961424415 1.4142135623731 1.4142135623731 0.0275675371164389
38.7916083968349 1.4142135623731 1.4142135623731 0.0275675371164389
40.193196606095 1.4142135623731 1.4142135623731 0.0275675371164389
41.645425909899 1.4142135623731 1.4142135623731 0.0275675371164389
43.1501260328692 1.4142135623731 1.4142135623731 0.0275675371164389
44.709192809814 1.4142135623731 1.4142135623731 0.0275675371164389
46.3245905743698 1.4142135623731 1.4142135623731 0.0275675371164389
47.9983546339476 1.4142135623731 1.4142135623731 0.0275675371164389
49.7325938341019 1.4142135623731 1.4142135623731 0.0275675371164389
51.5294932155538 1.4142135623731 1.4142135623731 0.0275675371164389
51.5472533377297 1.4142135623731 1.4142135623731 0.0275675371164389
