1.64352567634172 0 0.000748494667408103 0.000623337175752877
1.6440921328502 0 0.000748494667408103 0.000623337175752877
1.70349519045913 0 0.000860827801075719 0.000623337175752877
1.76504455312164 0 0.000860827801075719 0.000623337175752877
1.8288177694618 0 0.000860827801075719 0.000623337175752877
1.89489519003021 0 0.00288221047437263 0.000817160330990486
1.96336006854107 0 0.00288221047437263 0.000852207118346702
2.03429866676696 0 0.00434177991287022 0.00138715742050765
2.10780036322374 0 0.00962522133719402 0.00144105210714889
2.18395776578221 0 0.00962522133719402 0.00144105210714889
2.26364674658258 0 0.00962522133719402 0.00144105210714889
2.34543506939415 0 0.00962522133719402 0.00145243000396138
2.43017850424271 0 0.0158815459549467 0.00191954092788463
2.51798382293689 0 0.0217850577962874 0.00232374986371573
2.60896165508122 0 0.0520845603480331 0.00232374986371573
2.70322662746303 0 0.0520845603480331 0.00232374986371573
2.80089750847551 0 0.0520845603480331 0.00242611394282888
2.90209735775904 0 0.0520845603480331 0.0026529113791755
3.00695368124914 0 0.0520845603480331 0.00334096200723747
3.1155985918266 0 0.105202028636324 0.00334096200723747
3.22816897577201 0 0.105202028636324 0.00334096200723747
3.34480666523452 0 0.105202028636324 0.00334096200723747
3.46565861693214 0 0.105202028636324 0.00334096200723747
3.59087709730866 0 0.105202028636324 0.00416617730973927
3.72061987438053 0 0.105202028636324 0.00416617730973927
3.85505041651542 0 0.130320999879606 0.00416617730973927
3.99571478440722 0 0.140655806912422 0.00416617730973927
4.14008484176861 0 0.140655806912422 0.00416617730973927
4.28967116570234 0 0.140655806912422 0.00424302466870363
4.44466222629322 0 0.247913931003889 0.00475099495133099
4.60525330328049 0 0.247913931003889 0.00475099495133099
4.77164673209899 0 0.715384048722322 0.00475099495133099
4.94405215881005 1.4142135623731 0.999773777439424 0.00476249504389216
5.12268680424332 1.4142135623731 0.999773777439424 0.00530097323048895
5.30777573768248 1.4142135623731 1.01024104155759 0.00555730589798632
5.49955216043941 1.4142135623731 1.01024104155759 0.00560751654160537
5.69825769967433 1.4142135623731 1.33663340764255 0.00577916239828643
5.90414271283199 1.4142135623731 1.38991986429139 0.00603429957181743
6.11746660307752 1.4142135623731 1.38991986429139 0.00603429957181743
6.33849814612938 1.4142135623731 1.38991986429139 0.00631699358473618
6.56751582890112 1.4142135623731 1.38991986429139 0.00671352026361032
6.80480820037876 1.4142135623731 1.38991986429139 0.00671352026361032
7.05310431604837 1.4142135623731 1.39218184763516 0.0072803001770187
7.30794159288738 1.4142135623731 1.40397223225886 0.0072803001770187
7.57198645191386 1.4142135623731 1.41265100678139 0.0072803001770187
7.84557157432259 1.4142135623731 1.41265100678139 0.00737285745556875
8.12904166148644 1.4142135623731 1.41316557233447 0.00830449029729602
8.42275386926004 1.4142135623731 1.41317258197176 0.00830449029729602
8.72707825797546 1.4142135623731 1.41356927978551 0.00884085651078006
9.04239825869672 1.4142135623731 1.41397481589914 0.00926895477794954
9.36911115632067 1.4142135623731 1.41406618991917 0.0104249415499603
9.70762859013291 1.4142135623731 1.41406618991917 0.0104249415499603
10.0583770724494 1.4142135623731 1.41407552402554 0.0105446179587963
10.4217985259973 1.4142135623731 1.41408718786159 0.0108704272334986
10.7983508407117 1.4142135623731 1.41413646735954 0.0111341360044616
11.1885084506506 1.4142135623731 1.41413685458192 0.0124496119053225
11.5927629317542 1.4142135623731 1.41418139209717 0.0124496119053225
12.0116236212022 1.4142135623731 1.41418430793709 0.0134704556927036
12.4499077579783 1.4142135623731 1.41420081583563 0.0134704556927036
12.899738137308 1.4142135623731 1.41420588305438 0.0137998404155478
13.3658214378723 1.4142135623731 1.41420680504323 0.0154796233922477
13.8487448975741 1.4142135623731 1.41421093293316 0.0154796233922477
14.3491169719394 1.4142135623731 1.41421210571119 0.0155957975337763
14.8675681007358 1.4142135623731 1.41421210993026 0.0159226948274993
15.4047515022898 1.4142135623731 1.41421229630253 0.0166916635668607
15.9613439965044 1.4142135623731 1.41421234023856 0.0167213783640904
16.5380468576126 1.4142135623731 1.41421293518689 0.0174221742299411
17.1355866977424 1.4142135623731 1.414213245232 0.0185044515554054
17.7547163824056 1.4142135623731 1.41421325382623 0.0187609462887446
18.3962159790649 1.4142135623731 1.41421329697668 0.0196413478856177
19.0608937399737 1.4142135623731 1.41421339309953 0.0200384282529869
19.7495871205268 1.4142135623731 1.41421347762945 0.020126513747779
20.4631638344055 1.4142135623731 1.41421347797537 0.0213722828800195
21.202522946847 1.4142135623731 1.41421356236491 0.0216556765910833
21.9761676896635 1.4142135623731 1.41421356236491 0.0230631408439896
22.7701934800731 1.4142135623731 1.41421356236964 0.0230631408439896
23.5929083924778 1.4142135623731 1.41421356237148 0.023736353191498
24.4453489999095 1.4142135623731 1.41421356237175 0.023736353191498
25.3285893280501 1.4142135623731 1.41421356237176 0.023736353191498
26.2437422084417 1.4142135623731 1.41421356237176 0.023736353191498
27.1919606805898 1.4142135623731 1.41421356237176 0.023736353191498
28.174439444726 1.4142135623731 1.41421356237176 0.023736353191498
29.1924163670612 1.4142135623731 1.41421356237176 0.023736353191498
30.2471740394247 1.4142135623731 1.41421356237176 0.023736353191498
31.3400413952561 1.4142135623731 1.41421356237176 0.023736353191498
32.4723953839837 1.4142135623731 1.41421356237176 0.023736353191498
33.6456627059011 1.4142135623731 1.41421356237176 0.023736353191498
34.8613216097269 1.4142135623731 1.41421356237176 0.023736353191498
36.1209037551118 1.4142135623731 1.41421356237176 0.023736353191498
37.4259961424415 1.4142135623731 1.41421356237176 0.023736353191498
38.7916083968349 1.4142135623731 1.41421356237176 0.023736353191498
40.193196606095 1.4142135623731 1.41421356237176 0.023736353191498
41.645425909899 1.4142135623731 1.41421356237176 0.023736353191498
43.1501260328692 1.4142135623731 1.41421356237176 0.023736353191498
44.709192809814 1.4142135623731 1.41421356237176 0.023736353191498
46.3245905743698 1.4142135623731 1.41421356237176 0.023736353191498
47.9983546339476 1.4142135623731 1.41421356237176 0.023736353191498
49.7325938341019 1.4142135623731 1.41421356237176 0.023736353191498
51.5294932155538 1.4142135623731 1.41421356237176 0.023736353191498
51.5472533377297 1.4142135623731 1.41421356237176 0.023736353191498
