1.64352567634172 0 3.13466619169849e-05 0.000649299606956147
1.6440921328502 0 3.13466619169849e-05 0.000649299606956147
1.70349519045913 0 5.01228643829037e-05 0.000771401355694267
1.76504455312164 0 5.01228643829037e-05 0.000771401355694267
1.8288177694618 0 5.01228643829037e-05 0.000771401355694267
1.89489519003021 0 0.000145099592173695 0.00109576759180279
1.96336006854107 0 0.000145099592173695 0.00109646969415459
2.03429866676696 0 0.000332516184584547 0.00109646969415459
2.10780036322374 0 0.000332516184584547 0.00142125629354012
2.18395776578221 0 0.000343795656772917 0.00142125629354012
2.26364674658258 0 0.00082653751286233 0.00147613367592758
2.34543506939415 0 0.00136761773017058 0.00165496908078089
2.43017850424271 0 0.00136761773017058 0.00173652449047701
2.51798382293689 0 0.00139856214941987 0.00199548222943512
2.60896165508122 0 0.0033083464274974 0.00215958353453553
2.70322662746303 0 0.0033083464274974 0.00233547053850389
2.80089750847551 0 0.0033083464274974 0.00234844994508965
2.90209735775904 0 0.0033083464274974 0.00234844994508965
3.00695368124914 0 0.0033083464274974 0.00262146590441024
3.1155985918266 0 0.00830492915839001 0.00330371837185165
3.22816897577201 0 0.00830492915839001 0.00330371837185165
3.34480666523452 0 0.00830492915839001 0.00330371837185165
3.46565861693214 0 0.00830492915839001 0.00330371837185165
3.59087709730866 0 0.00830492915839001 0.00330371837185165
3.72061987438053 0 0.0461306880550485 0.00354254793673943
3.85505041651542 0 0.0461306880550485 0.00354254793673943
3.99571478440722 0 0.0461306880550485 0.00364210503466679
4.14008484176861 0 0.290888037483628 0.00376791999296368
4.28967116570234 0 0.290888037483628 0.00402130477353661
4.44466222629322 0 0.290888037483628 0.00402130477353661
4.60525330328049 0 0.290993779132769 0.00408445848597553
4.77164673209899 0 0.32383574467657 0.00456158932732083
4.94405215881005 1.4142135623731 0.774913182863127 0.00458468280418791
5.12268680424332 1.4142135623731 0.774913182863127 0.00525487782074194
5.30777573768248 1.4142135623731 0.774913182863127 0.00525487782074194
5.49955216043941 1.4142135623731 0.774913182863127 0.00525487782074194
5.69825769967433 1.4142135623731 1.26494369651592 0.00590717822891313
5.90414271283199 1.4142135623731 1.38851083160766 0.00590717822891313
6.11746660307752 1.4142135623731 1.38851083160766 0.00597400444810213
6.33849814612938 1.4142135623731 1.38851083160766 0.00623910710410647
6.56751582890112 1.4142135623731 1.4098503643522 0.00623910710410647
6.80480820037876 1.4142135623731 1.4098503643522 0.00629060967718217
7.05310431604837 1.4142135623731 1.4098503643522 0.00645616671101728
7.30794159288738 1.4142135623731 1.41294854181889 0.00713115536174442
7.57198645191386 1.4142135623731 1.41386600170174 0.00739656099701421
7.84557157432259 1.4142135623731 1.41406282086302 0.00739656099701421
8.12904166148644 1.4142135623731 1.41414301282471 0.00821235776346717
8.42275386926004 1.4142135623731 1.41418292661659 0.00846145567636735
8.72707825797546 1.4142135623731 1.41418687948799 0.00846145567636735
9.04239825869672 1.4142135623731 1.41419705590887 0.00867639016716765
9.36911115632067 1.4142135623731 1.41420226921321 0.0090410130498882
9.70762859013291 1.4142135623731 1.41420262473265 0.0100005297008867
10.0583770724494 1.4142135623731 1.41420466531877 0.0100005297008867
10.4217985259973 1.4142135623731 1.41420871465624 0.0102744300392799
10.7983508407117 1.4142135623731 1.41421044670479 0.0107744221586317
11.1885084506506 1.4142135623731 1.41421044670479 0.0124558435503912
11.5927629317542 1.4142135623731 1.41421174004115 0.0124558435503912
12.0116236212022 1.4142135623731 1.41421202144228 0.0124558435503912
12.4499077579783 1.4142135623731 1.41421335858193 0.0126606635226391
12.899738137308 1.4142135623731 1.41421346025946 0.0129899551290157
13.3658214378723 1.4142135623731 1.41421354047764 0.0137212515714886
13.8487448975741 1.4142135623731 1.41421355771952 0.01395122352734
14.3491169719394 1.4142135623731 1.4142135598696 0.014271964347726
14.8675681007358 1.4142135623731 1.41421356046081 0.0145184702411026
15.4047515022898 1.4142135623731 1.41421356154031 0.0149659618829085
15.9613439965044 1.4142135623731 1.41421356176417 0.0154266188519333
16.5380468576126 1.4142135623731 1.41421356225361 0.0160487353406217
17.1355866977424 1.4142135623731 1.41421356234183 0.0167571446403131
17.7547163824056 1.4142135623731 1.41421356237239 0.0171107574455398
18.3962159790649 1.4142135623731 1.41421356237239 0.0175603532969176
19.0608937399737 1.4142135623731 1.41421356237255 0.0183002662289708
19.7495871205268 1.4142135623731 1.41421356237299 0.0193651250998675
20.4631638344055 1.4142135623731 1.41421356237308 0.0193651250998675
21.202522946847 1.4142135623731 1.41421356237308 0.0193651250998675
21.9761676896635 1.4142135623731 1.41421356237308 0.0201784081664387
22.7701934800731 1.4142135623731 1.41421356237309 0.0201784081664387
23.5929083924778 1.4142135623731 1.41421356237309 0.0201784081664387
24.4453489999095 1.4142135623731 1.41421356237309 0.0209668042548327
25.3285893280501 1.4142135623731 1.41421356237309 0.0209668042548327
26.2437422084417 1.4142135623731 1.41421356237309 0.0212752081807985
27.1919606805898 1.4142135623731 1.41421356237309 0.0212752081807985
28.174439444726 1.4142135623731 1.41421356237309 0.0212752081807985
29.1924163670612 1.4142135623731 1.41421356237309 0.0212752081807985
30.2471740394247 1.4142135623731 1.41421356237309 0.0212752081807985
31.3400413952561 1.4142135623731 1.41421356237309 0.0212752081807985
32.4723953839837 1.4142135623731 1.41421356237309 0.0212752081807985
33.6456627059011 1.4142135623731 1.41421356237309 0.0212752081807985
34.8613216097269 1.4142135623731 1.41421356237309 0.0212752081807985
36.1209037551118 1.4142135623731 1.41421356237309 0.0212752081807985
37.4259961424415 1.4142135623731 1.41421356237309 0.0212752081807985
38.7916083968349 1.4142135623731 1.41421356237309 0.0212752081807985
40.193196606095 1.4142135623731 1.41421356237309 0.0212752081807985
41.645425909899 1.4142135623731 1.41421356237309 0.0212752081807985
43.1501260328692 1.4142135623731 1.41421356237309 0.0212752081807985
44.709192809814 1.4142135623731 1.41421356237309 0.0212752081807985
46.3245905743698 1.4142135623731 1.41421356237309 0.0212752081807985
47.9983546339476 1.4142135623731 1.41421356237309 0.0212752081807985
49.7325938341019 1.4142135623731 1.41421356237309 0.0212752081807985
51.5294932155538 1.4142135623731 1.41421356237309 0.0212752081807985
51.5472533377297 1.4142135623731 1.41421356237309 0.0212752081807985
