1.64352567634172 0 0.038624774632249 0.000206206157128311
1.6440921328502 0 0.038624774632249 0.000206206157128311
1.70349519045913 0 0.0406328243803142 0.000206206157128311
1.76504455312164 0 0.0406328243803142 0.000206206157128311
1.8288177694618 0 0.0406328243803142 0.000206206157128311
1.89489519003021 0 0.0643456413689022 0.000206206157128311
1.96336006854107 0 0.112720835155042 0.000206206157128311
2.03429866676696 0 0.112720835155042 0.000217882561548654
2.10780036322374 0 0.112720835155042 0.000257554667488876
2.18395776578221 0 0.112720835155042 0.000273557195175248
2.26364674658258 0 0.112720835155042 0.000273557195175248
2.34543506939415 0 0.112720835155042 0.000314405289171509
2.43017850424271 0 0.160050157785265 0.000356602711978386
2.51798382293689 0 0.160050157785265 0.000431299031979274
2.60896165508122 0 0.162555661421618 0.000480545321852892
2.70322662746303 0 0.195595014576722 0.000480545321852892
2.80089750847551 0 0.195595014576722 0.000480545321852892
2.90209735775904 0 0.219669799108722 0.000491138203199638
3.00695368124914 0 0.219669799108722 0.000534823849454888
3.1155985918266 0 0.247373989559783 0.000534823849454888
3.22816897577201 0 0.247373989559783 0.000609078998292209
3.34480666523452 0 0.247373989559783 0.000609078998292209
3.46565861693214 0 0.247373989559783 0.000645945909792944
3.59087709730866 0 0.344556362464703 0.000658745685465914
3.72061987438053 0 0.344556362464703 0.000658745685465914
3.85505041651542 0 0.344556362464703 0.000704325774897485
3.99571478440722 0 0.344556362464703 0.000714692760043752
4.14008484176861 0 0.350781547199788 0.000942689816714388
4.28967116570234 0 0.351060283772715 0.000942689816714388
4.44466222629322 0 0.364436850688308 0.000942689816714388
4.60525330328049 0 0.456190207510337 0.000942689816714388
4.77164673209899 0 0.456190207510337 0.000942689816714388
4.94405215881005 1.4142135623731 0.456190207510337 0.00104834786509226
5.12268680424332 1.4142135623731 0.51243415410942 0.00104834786509226
5.30777573768248 1.4142135623731 0.523904132344447 0.00112490626824107
5.49955216043941 1.4142135623731 0.523904132344447 0.00112490626824107
5.69825769967433 1.4142135623731 0.610259301953261 0.00121447499200156
5.90414271283199 1.4142135623731 0.65277510913945 0.00121447499200156
6.11746660307752 1.4142135623731 0.65277510913945 0.00122455578780524
6.33849814612938 1.4142135623731 0.65277510913945 0.00132791395848243
6.56751582890112 1.4142135623731 0.766249529763443 0.00132791395848243
6.80480820037876 1.4142135623731 0.766249529763443 0.00144851731964263
7.05310431604837 1.4142135623731 0.825342165088392 0.00144851731964263
7.30794159288738 1.4142135623731 0.830339884222727 0.00151047597825741
7.57198645191386 1.4142135623731 0.902812712709596 0.00152501068917864
7.84557157432259 1.4142135623731 0.952121272365318 0.00155879144842833
8.12904166148644 1.4142135623731 0.978906257113468 0.00179989372547099
8.42275386926004 1.4142135623731 1.08684917063726 0.00179989372547099
8.72707825797546 1.4142135623731 1.08906849622311 0.00179989372547099
9.04239825869672 1.4142135623731 1.08906849622311 0.00202043045494281
9.36911115632067 1.4142135623731 1.19189581266563 0.00211088803398155
9.70762859013291 1.4142135623731 1.19189581266563 0.00211088803398155
10.0583770724494 1.4142135623731 1.19189581266563 0.00221663904017005
10.4217985259973 1.4142135623731 1.22751012739004 0.00240465517361711
10.7983508407117 1.4142135623731 1.23847871254118 0.00265974960833227
11.1885084506506 1.4142135623731 1.26140095663472 0.00265974960833227
11.5927629317542 1.4142135623731 1.29497144331451 0.00265974960833227
12.0116236212022 1.4142135623731 1.29497144331451 0.00266419188649828
12.4499077579783 1.4142135623731 1.29950065910661 0.0028327842463542
12.899738137308 1.4142135623731 1.31534817731823 0.00308917404442625
13.3658214378723 1.4142135623731 1.32216906162524 0.00313652541594945
13.8487448975741 1.4142135623731 1.34100479662582 0.00365110887105443
14.3491169719394 1.4142135623731 1.36184350770839 0.00365110887105443
14.8675681007358 1.4142135623731 1.37123682206103 0.00365110887105443
15.4047515022898 1.4142135623731 1.38255465073336 0.00365110887105443
15.9613439965044 1.4142135623731 1.38776743253993 0.00381396573840115
16.5380468576126 1.4142135623731 1.39585875804197 0.00393581799242569
17.1355866977424 1.4142135623731 1.39654624022488 0.00397779261285981
17.7547163824056 1.4142135623731 1.4002831492719 0.00397779261285981
18.3962159790649 1.4142135623731 1.40542087949452 0.00430715319544709
19.0608937399737 1.4142135623731 1.40978354737246 0.00430715319544709
19.7495871205268 1.4142135623731 1.41125519670395 0.00437544195319675
20.4631638344055 1.4142135623731 1.41187900287643 0.0044710705597583
21.202522946847 1.4142135623731 1.41187900287643 0.00451193773065972
21.9761676896635 1.4142135623731 1.41187900287643 0.00464176133381255
22.7701934800731 1.4142135623731 1.41187900287643 0.00472007684275759
23.5929083924778 1.4142135623731 1.41187900287643 0.00472007684275759
24.4453489999095 1.4142135623731 1.41187900287643 0.00472007684275759
25.3285893280501 1.4142135623731 1.41187900287643 0.00472007684275759
26.2437422084417 1.4142135623731 1.41187900287643 0.00472007684275759
27.1919606805898 1.4142135623731 1.41187900287643 0.00472007684275759
28.174439444726 1.4142135623731 1.41187900287643 0.00481705065000966
29.1924163670612 1.4142135623731 1.41187900287643 0.00481965579176833
30.2471740394247 1.4142135623731 1.41187900287643 0.00483128812927238
31.3400413952561 1.4142135623731 1.41187900287643 0.00483128812927238
32.4723953839837 1.4142135623731 1.41187900287643 0.00483128812927238
33.6456627059011 1.4142135623731 1.41187900287643 0.00483128812927238
34.8613216097269 1.4142135623731 1.41187900287643 0.00483128812927238
36.1209037551118 1.4142135623731 1.41187900287643 0.00483128812927238
37.4259961424415 1.4142135623731 1.41187900287643 0.00483128812927238
38.7916083968349 1.4142135623731 1.41187900287643 0.00483128812927238
40.193196606095 1.4142135623731 1.41187900287643 0.00483128812927238
41.645425909899 1.4142135623731 1.41187900287643 0.00483128812927238
43.1501260328692 1.4142135623731 1.41187900287643 0.00483128812927238
44.709192809814 1.4142135623731 1.41187900287643 0.00483128812927238
46.3245905743698 1.4142135623731 1.41187900287643 0.00483128812927238
47.9983546339476 1.4142135623731 1.41187900287643 0.00483128812927238
49.7325938341019 1.4142135623731 1.41187900287643 0.00483128812927238
51.5294932155538 1.4142135623731 1.41187900287643 0.00483128812927238
51.5472533377297 1.4142135623731 1.41187900287643 0.00483128812927238
