0.01 0.05510413646698 0.0267132520675659
0.0110261587867257 0.0610904693603516 0.0295006632804871
0.0121576177590088 0.0667253136634827 0.0325223207473755
0.0134051823879147 0.0736348628997803 0.0360112190246582
0.0147807669574167 0.0815292596817017 0.0398015379905701
0.0162975083462065 0.0902609825134277 0.0432939082384109
0.017969891485326 0.0988936498761177 0.0481499806046486
0.0198138876897434 0.10872894525528 0.0532335788011551
0.021847107184946 0.120334133505821 0.0584331750869751
0.024088967285183 0.132842570543289 0.064478874206543
0.0265608778294669 0.146286606788635 0.0710504949092865
0.0292864456462524 0.160668730735779 0.077975831925869
0.032291699999439 0.176731169223785 0.0869675576686859
0.0356053411687124 0.195952996611595 0.0947069525718689
0.0392590145381765 0.215675920248032 0.105595707893372
0.0432876128108306 0.23953203856945 0.116083018481731
0.0477296092350519 0.263958334922791 0.128059267997742
0.0526274250254052 0.29069310426712 0.141403257846832
0.0580278344866619 0.319215893745422 0.154960453510284
0.0639824117099771 0.350768685340881 0.172197729349136
0.0705480231071865 0.387738227844238 0.188591539859772
0.0777873704869431 0.427835643291473 0.208533883094788
0.0857695898590894 0.469959050416946 0.228909105062485
0.0945709116858657 0.523396670818329 0.253223538398743
0.104275388885377 0.569091498851776 0.279747426509857
0.114975699539774 0.633066356182098 0.307276785373688
0.126774031974041 0.697972595691681 0.339741587638855
0.139783060657921 0.768743276596069 0.37430864572525
0.154127022250875 0.845128357410431 0.41571444272995
0.169942902066335 0.934990048408508 0.455141305923462
0.187381742286038 1.03239059448242 0.500096917152405
0.206610084417917 1.13619542121887 0.554015040397644
0.227811559773075 1.25309479236603 0.607371747493744
0.251188643150958 1.37687993049622 0.673948228359222
0.276964586480464 1.51477217674255 0.73645693063736
0.305385550883342 1.66916000843048 0.820792555809021
0.336722957521142 1.86314964294434 0.898759722709656
0.3712760796764 2.03593707084656 0.989124655723572
0.409374900822501 2.25687026977539 1.09539604187012
0.451383265976898 2.48430395126343 1.20712673664093
0.497702356433211 2.74278545379639 1.33263778686523
0.548774521056013 3.0245943069458 1.46592891216278
0.605087500727294 3.33129382133484 1.62086319923401
0.667179086288214 3.6794970035553 1.79129695892334
0.735642254459641 4.04479503631592 1.96094787120819
0.811130830789687 4.44135141372681 2.17048811912537
0.894365733709581 4.91241550445557 2.40862417221069
0.986141859328828 5.41979932785034 2.64843964576721
1.08733567271966 5.9843955039978 2.89634227752686
1.19891357818781 6.54143381118774 3.2276816368103
1.32194114846603 7.24187564849854 3.5429151058197
1.4575933009693 7.99953413009644 3.91351985931396
1.60716551829551 8.88328075408936 4.33420991897583
1.77208622012766 9.72706031799316 4.72646188735962
1.95393040468961 10.7449579238892 5.21509695053101
2.15443469003188 11.8387308120728 5.77537155151367
2.37551389879217 13.0968236923218 6.3748722076416
2.61927934481563 14.3042821884155 6.96876192092896
2.88805899627279 15.8745231628418 7.69401264190674
3.18441970783354 17.7253074645996 8.53622531890869
3.51119173421513 19.2904224395752 9.42751693725586
3.87149575920948 21.184253692627 10.376971244812
4.26877269831788 23.5079364776611 11.3401708602905
4.70681655960925 25.8352165222168 12.5414848327637
5.18981067662415 28.4236335754395 13.9771203994751
5.72236765935021 31.4710483551025 15.3240022659302
6.30957344480193 34.656608581543 16.8461761474609
6.95703586788939 38.244255065918 18.6295490264893
7.67093821642944 42.3660011291504 20.4784126281738
8.45809828175134 46.4689865112305 22.5777721405029
9.3260334688322 51.079532623291 24.8846015930176
10.2830325877662 56.6278648376465 27.4793243408203
11.3382350121785 62.5580787658691 30.2684192657471
12.5017179605493 68.6068878173828 33.4367599487305
13.7845927339877 75.9996185302734 36.9247283935547
15.1991108295293 83.4802093505859 40.5710525512695
16.7587809423433 92.5625228881836 44.6417465209961
18.4784979742229 101.044105529785 49.2992248535156
20.3746852803971 112.276428222656 54.8451995849609
22.4654515131221 123.901664733887 59.7539176940918
24.7707635599171 137.14599609375 66.2239837646484
27.3126372280084 150.811508178711 73.2053527832031
30.1153474960257 164.99072265625 80.4802703857422
33.2056603408601 182.162826538086 88.8361740112305
36.6130883536403 202.422698974609 97.8147201538086
40.3701725859655 220.08625793457 108.49976348877
44.5127933180376 244.274276733398 118.281341552734
49.0805127165385 268.786651611328 130.683197021484
54.1169526546463 296.831268310547 144.922775268555
59.6702113023847 332.205291748047 159.582611083984
65.7933224657567 363.331268310547 175.779403686523
72.544762061368 399.519744873047 194.191665649414
79.9890065633877 439.87158203125 214.193954467773
88.1971487560358 483.333282470703 235.927780151367
97.2475766720517 537.044494628906 260.180419921875
107.226722201032 588.994750976562 288.866546630859
118.229886516871 649.660400390625 315.161529541016
130.362150207157 716.130249023438 346.880096435547
143.73937679631 792.265869140625 383.032836914062
158.489319246111 873.086059570312 424.204559326172
