0.0194894644874591 0.586059033870697 0
0.0214107949537102 0.586059033870697 0
0.02352153599935 0.586059033870697 0
0.0258403602932476 0.586059033870697 0
0.0283877813125511 0.586059033870697 0
0.031186334815146 0.586059033870697 0
0.0342607782022183 0.586059033870697 0
0.0376383095345826 0.586059033870697 0
0.0413488081403046 0.586059033870697 0
0.0454250989421509 0.586059033870697 0
0.049903242843241 0.586059033870697 0
0.0548228557397956 0.586059033870697 0
0.0602274589831294 0.586059033870697 0
0.0661648643912481 0.651752918958664 0
0.0726875972160561 0.651752918958664 0
0.0798533608079529 0.967256665229797 0
0.0877255470884733 0.967256665229797 0
0.0963737973468674 1.00701880455017 0
0.105874618321707 2.30101633071899 0
0.116312059017685 2.30101633071899 0
0.127778454245059 2.30101633071899 0
0.140375241459478 2.74790793657303 0
0.154213858128346 2.74790793657303 0
0.169416727562279 2.74790793657303 0
0.186118341932824 2.80583125352859 0
0.204466452057337 3.0089550614357 0
0.224623374476464 3.12219077348709 0
0.24676742738728 3.39448344707489 0
0.271094508135069 3.51117664575577 0
0.297819826219024 3.7056565284729 0
0.327179807142893 3.7056565284729 0
0.359434183953005 3.7056565284729 0
0.39486829496644 3.7056565284729 0
0.433795608016208 3.70566511154175 0
0.476560493544171 3.93300080299377 0
0.52354127107386 3.93300080299377 0
0.575153556013824 3.93300080299377 0
0.631853936398986 4.19232761859894 0
0.694144012096307 4.19232761859894 0
0.762574832207584 4.19232761859894 0
0.83775176992486 4.19232761859894 0
0.920339877963856 4.19232761859894 0
1.01106977195225 4.19232761859894 0
1.11074409382023 4.19232761859894 0
1.2202446123716 4.19232761859894 0
1.34054002385081 4.19232761859894 0
1.47269452151343 4.19232761859894 0
1.61787721001088 4.19232761859894 0
1.77737244787375 4.19232761859894 0
1.95259120958845 4.19232761859894 0
2.14508356778179 4.19232761859894 0
2.35655240593719 4.19232761859894 0
2.58886848295193 4.19232761859894 0
2.84408698280417 4.19232761859894 0
3.12446569573629 4.19232761859894 0
3.43248499179429 4.19232761859894 0
3.77086976341938 4.19232761859894 0
4.14261353120658 4.19232761859894 0
4.55100492608216 4.19232761859894 0
4.99965678217431 4.19232761859894 0
5.49253809774723 4.19232761859894 0
6.03400914694088 4.19232761859894 0
6.62886005293245 4.19232761859894 0
7.282353163757 4.19232761859894 0
8.00026960566488 4.19232761859894 0
8.7889604258502 4.19232761859894 0
9.65540277698445 4.19232761859894 0
10.6072616405917 4.19232761859894 0
11.652957635301 4.19232761859894 0
12.8017415098423 4.19232761859894 0
14.0637759797867 4.19232761859894 0
15.4502256320018 4.19232761859894 0
16.9733556921592 4.19232761859894 0
18.6466405290436 4.19232761859894 0
20.4848828555445 4.19232761859894 0
22.5043446808435 4.19232761859894 0
24.7228911722642 4.19232761859894 0
27.1601486994604 4.19232761859894 0
29.8376784590781 4.19232761859894 0
32.7791672158637 4.19232761859894 0
36.0106368476078 4.19232761859894 0
39.5606745476654 4.19232761859894 0
43.4606857215376 4.19232761859894 0
47.7451718147644 4.19232761859894 0
52.4520355299337 4.19232761859894 0
57.6229161329074 4.19232761859894 0
63.3035578145519 4.19232761859894 0
69.544214366683 4.19232761859894 0
76.4000937521934 4.19232761859894 0
83.931846502249 4.19232761859894 0
92.2061022611619 4.19232761859894 0
101.296059225481 4.19232761859894 0
111.282131691779 4.19232761859894 0
122.252661441653 4.19232761859894 0
134.304699257226 4.19232761859894 0
147.544863480807 4.19232761859894 0
162.090283213964 4.19232761859894 0
178.069634500022 4.19232761859894 0
195.624278656574 4.19232761859894 0
214.909512828253 4.19232761859894 0
