0.01 16.7087890638245 22.5432050065727
0.0110261587867257 16.7134597831302 22.5417591891891
0.0121576177590088 16.7204668124517 22.5398471301911
0.0134051823879147 16.7290808889601 22.5343893233267
0.0147807669574167 16.7350443866518 22.5334299234618
0.0162975083462065 16.7513187991248 22.5273821194487
0.017969891485326 16.7626346680853 22.5230335362269
0.0198138876897434 16.7707607216305 22.5209467084833
0.021847107184946 16.7781709697511 22.5163554590147
0.024088967285183 16.7955765989092 22.5092451370521
0.0265608778294669 16.8177330096563 22.500189479208
0.0292864456462524 16.8344884581036 22.4927139382605
0.032291699999439 16.8550541798274 22.482338282075
0.0356053411687124 16.8943905300564 22.4662412563975
0.0392590145381765 16.9268354442384 22.4452069818791
0.0432876128108306 16.9455846018261 22.4418836351422
0.0477296092350519 16.9852325254016 22.4120265413501
0.0526274250254052 17.0252722236845 22.4042700165307
0.0580278344866619 17.0486889017953 22.3959463916169
0.0639824117099771 17.1034274895986 22.3709143071374
0.0705480231071865 17.1649533245299 22.343344477612
0.0777873704869431 17.2220430639055 22.316425674428
0.0857695898590894 17.2975215646956 22.2792086152626
0.0945709116858657 17.3781729539235 22.228177006325
0.104275388885377 17.4486210876041 22.2035197396371
0.114975699539774 17.5547882980771 22.1729310838069
0.126774031974041 17.6198692056868 22.1324604492858
0.139783060657921 17.7231607702043 22.0830770319375
0.154127022250875 17.8634881973267 22.0603271536643
0.169942902066335 17.9547239144643 22.019243154893
0.187381742286038 18.0633344120449 21.9611475224796
0.206610084417917 18.1978539360894 21.9011312293466
0.227811559773075 18.3507098621792 21.8710140098445
0.251188643150958 18.5068780051337 21.8631067399537
0.276964586480464 18.66887166765 21.8035925671257
0.305385550883342 18.8069707022773 21.7455535845165
0.336722957521142 18.9658266173469 21.6924479637292
0.3712760796764 19.1876872380575 21.6781221538225
0.409374900822501 19.4196198251512 21.633603503346
0.451383265976898 19.6188170115153 21.6139628314141
0.497702356433211 19.8948573006524 21.5792433510416
0.548774521056013 20.1572198867798 21.4603138585382
0.605087500727294 20.405906147427 21.4774260279113
0.667179086288214 20.7566746605767 21.4172397190239
0.735642254459641 21.0487919913398 21.3282052664505
0.811130830789687 21.5102134545644 21.36203116565
0.894365733709581 22.0416808923086 21.5282587923749
0.986141859328828 22.4281025197771 21.3627756225341
1.08733567271966 22.8864539994134 21.3241111582001
1.19891357818781 23.5396859380934 21.3909587761703
1.32194114846603 23.9894821908739 21.2851314999099
1.4575933009693 24.7424822383457 21.4273357578773
1.60716551829551 25.8535157839457 21.6735359715154
1.77208622012766 26.491973400116 21.7515742709978
1.95393040468961 27.2970338927375 21.753235183293
2.15443469003188 28.3825322786967 22.1378591152812
2.37551389879217 29.4894296328227 22.4867540822578
2.61927934481563 30.8043172094557 22.9712644438447
2.88805899627279 32.1214232444763 23.5174450974094
3.18441970783354 33.5349105728997 24.2099700364845
3.51119173421513 35.3257731861538 25.1670784448557
3.87149575920948 37.0604164865282 26.1564180715712
4.26877269831788 39.2050850656297 27.4504203267903
4.70681655960925 41.3458372222053 28.8797902729356
5.18981067662415 43.929888566335 30.7352785275848
5.72236765935021 46.7073179350959 32.9194668670976
6.30957344480193 49.254836347368 35.1666377301625
6.95703586788939 52.6203636328379 38.0339100707552
7.67093821642944 56.2393351660834 41.1685720663432
8.45809828175134 60.5091114044189 45.0024025350887
9.3260334688322 65.0772012339698 49.2827231673083
10.2830325877662 69.7232083479563 53.8321142398451
11.3382350121785 76.0947505368127 59.4262441117963
12.5017179605493 82.5433436764611 65.1934143722103
13.7845927339877 88.5183260440826 71.6817796227668
15.1991108295293 96.4552063677046 79.1929423516677
16.7587809423433 104.568558878369 86.8642465775117
18.4784979742229 112.459628078673 96.269585526116
20.3746852803971 123.864179293315 106.303455008478
22.4654515131221 134.393271896574 117.134594918062
24.7707635599171 148.003845559226 128.773688706849
27.3126372280084 159.639735248354 142.571159463658
30.1153474960257 175.419401725133 157.421707091107
33.2056603408601 191.934775802824 173.66610910524
36.6130883536403 212.206826448441 191.907478472817
40.3701725859655 231.999364561505 211.423416454847
44.5127933180376 255.301522519853 233.289731052279
49.0805127165385 281.659927765528 258.069384146939
54.1169526546463 309.321659061644 283.650201612634
59.6702113023847 340.690948883692 314.944346554037
65.7933224657567 373.347938087251 345.377040536852
72.544762061368 411.49607041147 380.892068679992
79.9890065633877 454.554002973768 421.100501332459
88.1971487560358 499.853383832508 461.570107224408
97.2475766720517 552.146569596397 511.847745497357
107.226722201032 607.462694485982 563.313210915206
118.229886516871 671.197893460592 623.485727756087
130.362150207157 738.530745294359 682.979037101988
143.73937679631 814.652476522658 756.545415954818
158.489319246111 900.598392592536 837.515169586391
