0.0194894644874591 0.00566462768862645 0.00911916635007707
0.0214107949537102 0.00566462768862645 0.00911916635007707
0.02352153599935 0.00566462768862645 0.00911916635007707
0.0258403602932476 0.00566462768862645 0.00911916635007707
0.0283877813125511 0.00566462768862645 0.00911916635007707
0.031186334815146 0.00566462768862645 0.00911916635007707
0.0342607782022183 0.00566462768862645 0.00911916635007707
0.0376383095345826 0.00566462768862645 0.00911916635007707
0.0413488081403046 0.00566462768862645 0.00911916635007707
0.0454250989421509 0.0103714872772495 0.0152921631496491
0.049903242843241 0.0103714872772495 0.0152921631496491
0.0548228557397956 0.0103714872772495 0.0152921631496491
0.0602274589831294 0.0103714872772495 0.0152921631496491
0.0661648643912481 0.0758753974611561 0.12867516344138
0.0726875972160561 0.0823903847485781 0.123546836737144
0.0798533608079529 0.113202673072616 0.176757251115081
0.0877255470884733 0.113202673693498 0.176757250518623
0.0963737973468674 0.116927467286587 0.183195907103556
0.105874618321707 0.159130277733008 0.224025999634612
0.116312059017685 0.182449601590633 0.212200432556513
0.127778454245059 0.209976626249651 0.257939570071275
0.140375241459478 0.228951655638715 0.286804718102383
0.154213858128346 0.277556929426889 0.356637740874233
0.169416727562279 0.339891447064777 0.433603321836897
0.186118341932824 0.370556785104175 0.420924421608557
0.204466452057337 0.381818993327518 0.439341271846545
0.224623374476464 0.468197220625977 0.556503805317474
0.24676742738728 0.487253014619152 0.549889270357144
0.271094508135069 0.581174755468965 0.652263304365128
0.297819826219024 0.621445054188371 0.71801149051575
0.327179807142893 0.694201851574083 0.753768426917833
0.359434183953005 0.740469401391844 0.82389148173244
0.39486829496644 0.790662374037007 0.868594370486748
0.433795608016208 0.871937767602503 0.928544532995195
0.476560493544171 0.99736553337425 1.05816812622118
0.52354127107386 0.998139944237967 1.05804536075992
0.575153556013824 1.09647608951976 1.14773901482234
0.631853936398986 1.22500422069182 1.24532826786226
0.694144012096307 1.26840368689348 1.24552170257882
0.762574832207584 1.34569419982533 1.31573564359651
0.83775176992486 1.41798519001653 1.35461753188314
0.920339877963856 1.5229584571595 1.46298016485901
1.01106977195225 1.61143778295567 1.51486445164594
1.11074409382023 1.68244845730563 1.56751513759914
1.2202446123716 1.83782628116508 1.68846857206532
1.34054002385081 1.89386688452214 1.71482222580772
1.47269452151343 1.99242030953368 1.78134481586044
1.61787721001088 2.046619558086 1.81746149741085
1.77737244787375 2.13213516864926 1.89018858511752
1.95259120958845 2.20554348422835 1.94487771658351
2.14508356778179 2.27828131088366 2.00452804494888
2.35655240593719 2.42448221364369 2.1368972461349
2.58886848295193 2.53820704327275 2.21369760324776
2.84408698280417 2.6526066949591 2.31415356991987
3.12446569573629 2.71994164586067 2.37452825049619
3.43248499179429 2.79811667713026 2.43009823931926
3.77086976341938 2.95707392537346 2.5615131532855
4.14261353120658 3.00919814563046 2.60949403358505
4.55100492608216 3.06316105245302 2.66077568657717
4.99965678217431 3.0731484486411 2.67059799032326
5.49253809774723 3.23346429007749 2.83805855954368
6.03400914694088 3.38406447507441 2.98706331104821
6.62886005293245 3.45252509849767 3.05518503490699
7.282353163757 3.5140231543531 3.09779809261386
8.00026960566488 3.60346900702765 3.20076995928158
8.7889604258502 3.74839653074741 3.37648293692763
9.65540277698445 3.96306452651819 3.65295284539467
10.6072616405917 4.09656304928164 3.83302613987636
11.652957635301 4.16091959644109 3.86196901591966
12.8017415098423 4.37017458646248 4.15021640208075
14.0637759797867 4.65461003749321 4.55903537726671
15.4502256320018 4.86231180994461 4.8673840085951
16.9733556921592 5.05562966844688 5.16036150916145
18.6466405290436 5.09399755578488 5.21910778900935
20.4848828555445 5.52434606136133 5.88926665095848
22.5043446808435 5.88699443917722 6.46679711800772
24.7228911722642 6.23362371108184 7.02693545748413
27.1601486994604 6.66837840061635 7.73801728523622
29.8376784590781 7.01654491604616 8.31280365250588
32.7791672158637 7.16839258186519 8.56470520070778
36.0106368476078 7.43684350047261 9.01159375486553
39.5606745476654 8.27614177856594 10.4189816813714
43.4606857215376 8.27614178104947 10.4189816784123
47.7451718147644 9.42617763920377 12.3648506361107
52.4520355299337 9.44333233280728 12.3939872554022
57.6229161329074 11.0968523484965 15.212895428574
63.3035578145519 12.0651498300334 16.8706917854844
69.544214366683 13.3340658806264 19.0482969918606
76.4000937521934 13.9651651720827 20.1329720552947
83.931846502249 14.22284515171 20.5761047168061
92.2061022611619 14.2596598727008 20.6394261745322
101.296059225481 14.2596598888437 20.6394261578026
111.282131691779 14.2596598888437 20.6394261578026
122.252661441653 14.2596599562094 20.6394260879888
134.304699257226 14.2596599562094 20.6394260879888
147.544863480807 14.2596599562094 20.6394260879888
162.090283213964 14.2596600539982 20.6394259866462
178.069634500022 14.2596600539982 20.6394259866462
195.624278656574 15.9984029776727 23.6327901094716
214.909512828253 15.9984029776727 23.6327901094716
