0.0194894644874591 9.96515154838562e-05 0.000160865749437015
0.0214107949537102 9.96515154838562e-05 0.000160865749437015
0.02352153599935 9.96515154838562e-05 0.000160865749437015
0.0258403602932476 9.96515154838562e-05 0.000160865749437015
0.0283877813125511 9.96515154838562e-05 0.000160865749437015
0.031186334815146 0.000117474546035131 0.000149117750701171
0.0342607782022183 0.000117474546035131 0.000149117750701171
0.0376383095345826 0.000117474546035131 0.000149117750701171
0.0413488081403046 0.000117474546035131 0.000149117750701171
0.0454250989421509 0.000143250450491905 0.000142621369379996
0.049903242843241 0.000143250450491905 0.000142621369379996
0.0548228557397956 0.000143250450491905 0.000142621369379996
0.0602274589831294 0.000143250450491905 0.000142621369379996
0.0661648643912481 0.000353847319881121 0.000493049737111887
0.0726875972160561 0.000533962001403173 0.000693851039298867
0.0798533608079529 0.000656923279166222 0.00079008865480282
0.0877255470884733 0.000707054510712624 0.000873860385158456
0.0963737973468674 0.00120432488620281 0.00149696154502474
0.105874618321707 0.00141727738082409 0.00185678684658194
0.116312059017685 0.00186632635692755 0.00262376647388703
0.127778454245059 0.00195993483066559 0.00256750352084861
0.140375241459478 0.00201535721619924 0.00253848870778875
0.154213858128346 0.00258434067169825 0.0033779218770511
0.169416727562279 0.00260592997074127 0.00336624081962224
0.186118341932824 0.00288630649447441 0.00356635895468828
0.204466452057337 0.00301266089081764 0.00363143985820631
0.224623374476464 0.00408173414568106 0.00516063753994211
0.24676742738728 0.00436940602958202 0.00564682144216831
0.271094508135069 0.00483705724279086 0.00608117000943775
0.297819826219024 0.00543000114460786 0.00690467631261722
0.327179807142893 0.00576848412553469 0.00713006841913887
0.359434183953005 0.00639136259754499 0.00817911071680487
0.39486829496644 0.0069709209104379 0.00883592355666213
0.433795608016208 0.00803901255130768 0.010122490995089
0.476560493544171 0.0102427465220292 0.0136955615186154
0.52354127107386 0.0103968257705371 0.0136082163546102
0.575153556013824 0.0106216023365657 0.0136238783705974
0.631853936398986 0.011473435908556 0.0147016078945218
0.694144012096307 0.0137477250148853 0.0183557880871768
0.762574832207584 0.0156814822306236 0.0209024890357862
0.83775176992486 0.0174140849461158 0.0228744231949826
0.920339877963856 0.0185408933709065 0.0245097812920014
1.01106977195225 0.020027073721091 0.0268399292702256
1.11074409382023 0.020507679010431 0.0271384276810546
1.2202446123716 0.0229240953922272 0.0306671949383622
1.34054002385081 0.025085541109244 0.0336056236454029
1.47269452151343 0.028200414031744 0.0385565256905145
1.61787721001088 0.0295478788514932 0.0398745768294994
1.77737244787375 0.0298142563551664 0.0397185468071428
1.95259120958845 0.0319381070633729 0.0428450077668697
2.14508356778179 0.033850264425079 0.0454414337919924
2.35655240593719 0.0361592142532269 0.0486185699554783
2.58886848295193 0.0367655002822479 0.0488339564141106
2.84408698280417 0.0402545736481746 0.0542492067099848
3.12446569573629 0.0434149612362186 0.0589497749712908
3.43248499179429 0.0463168829058607 0.0634965921179628
3.77086976341938 0.0491055911406875 0.0678755122912353
4.14261353120658 0.0572964465245605 0.0817953695025327
4.55100492608216 0.0579237158720692 0.0827507858624105
4.99965678217431 0.0605752353246013 0.086783558184548
5.49253809774723 0.0694587786371509 0.101637191300114
6.03400914694088 0.0709709261233608 0.104109973647228
6.62886005293245 0.0755021112660567 0.111808752048996
7.282353163757 0.0826968637605508 0.122491067255304
8.00026960566488 0.0898264162242413 0.13389618503088
8.7889604258502 0.0978455878794193 0.147594577866474
9.65540277698445 0.101386327296495 0.153704563642291
10.6072616405917 0.114461964617173 0.176281915628652
11.652957635301 0.118783783167601 0.183748082520026
12.8017415098423 0.132894050329924 0.208134047588486
14.0637759797867 0.137442031254371 0.215996650540427
15.4502256320018 0.150177234162887 0.238018602372217
16.9733556921592 0.157632272690535 0.250912862077635
18.6466405290436 0.174358569396039 0.276220305352919
20.4848828555445 0.189690422266722 0.301870430637186
22.5043446808435 0.198122522483269 0.316456547911786
24.7228911722642 0.22241888816158 0.357462859543519
27.1601486994604 0.24531290307641 0.394043201438705
29.8376784590781 0.265337428698937 0.427947591397709
32.7791672158637 0.280999546249708 0.45425811034822
36.0106368476078 0.305201852073272 0.492255983462958
39.5606745476654 0.30902532239755 0.496104673624956
43.4606857215376 0.309025339782238 0.496104657381497
47.7451718147644 0.34948730096221 0.554597865626619
52.4520355299337 0.433429703116417 0.692966041407286
57.6229161329074 0.514376795540253 0.821493212738125
63.3035578145519 0.533447752396266 0.850568292845722
69.544214366683 0.595578607171774 0.952769875039322
76.4000937521934 0.655822961280743 1.04735704798689
83.931846502249 0.704871161530415 1.12680913722366
92.2061022611619 0.707600264499585 1.13153036807644
101.296059225481 0.729926363875469 1.17015581287891
111.282131691779 0.729926363875469 1.17015581287891
122.252661441653 0.798577597985665 1.28894337106376
134.304699257226 0.798577597985665 1.28894337106376
147.544863480807 0.798577597985665 1.28894337106376
162.090283213964 1.07807424167792 1.75904872203233
178.069634500022 1.07807424167792 1.75904872203233
195.624278656574 1.36331290627519 2.23244779708474
214.909512828253 1.36331290627519 2.23244779708474
