0.01 3.70125206187367 1.50614780516903
0.0110261587867257 3.7013097587559 1.50607388325575
0.0121576177590088 3.70138480183151 1.50593559448482
0.0134051823879147 3.70144639743699 1.5058560623217
0.0147807669574167 3.70158544679483 1.50579778485355
0.0162975083462065 3.70169149587552 1.50559708098914
0.017969891485326 3.70175733417273 1.50553534607562
0.0198138876897434 3.70188503091534 1.50544070832687
0.021847107184946 3.70205116768678 1.5051490472788
0.024088967285183 3.70226313008202 1.50491619008424
0.0265608778294669 3.70237654075027 1.50480842837474
0.0292864456462524 3.70265088437332 1.50471362148066
0.032291699999439 3.70281006395817 1.50433021712774
0.0356053411687124 3.7029650186499 1.50424231035246
0.0392590145381765 3.703265843706 1.50384115937335
0.0432876128108306 3.70355613778035 1.50367334259439
0.0477296092350519 3.70394217388497 1.50294022538786
0.0526274250254052 3.70408516791132 1.50307051324157
0.0580278344866619 3.70442335845696 1.5023250451919
0.0639824117099771 3.7047759708431 1.50213571098625
0.0705480231071865 3.70567054260108 1.50124906278221
0.0777873704869431 3.70607889112499 1.50095716620742
0.0857695898590894 3.70664930012491 1.49998138115857
0.0945709116858657 3.70705332441462 1.49961035293902
0.104275388885377 3.70763986847467 1.49886265399111
0.114975699539774 3.70830170147949 1.49868947239153
0.126774031974041 3.70931614438693 1.49751225520353
0.139783060657921 3.71008100691769 1.49706902387989
0.154127022250875 3.71063425971402 1.49688244476576
0.169942902066335 3.71137495918406 1.49506790023108
0.187381742286038 3.7125318530533 1.49350719216545
0.206610084417917 3.71386593745814 1.49332869654803
0.227811559773075 3.7148554838366 1.49337199655542
0.251188643150958 3.71594526370366 1.49097895486851
0.276964586480464 3.71769496550163 1.49146370195918
0.305385550883342 3.71867732041412 1.48990426443919
0.336722957521142 3.71980509244733 1.48892119141024
0.3712760796764 3.72277923673391 1.48764748311138
0.409374900822501 3.72520518965191 1.48485062115328
0.451383265976898 3.72571731275982 1.48498611866859
0.497702356433211 3.72762323336469 1.48116028892128
0.548774521056013 3.73148913847076 1.48180877022018
0.605087500727294 3.73392546839184 1.47909589024608
0.667179086288214 3.73811747630437 1.47989769247123
0.735642254459641 3.74047096570333 1.47447613983098
0.811130830789687 3.74508665336503 1.47182050269213
0.894365733709581 3.75050607654783 1.46712940926486
0.986141859328828 3.75602311061488 1.46060486539723
1.08733567271966 3.75885070032544 1.45808748966665
1.19891357818781 3.76812329888344 1.4584102410542
1.32194114846603 3.77661249041557 1.45454326485466
1.4575933009693 3.78100281953812 1.44446280603201
1.60716551829551 3.78325043453111 1.43974099149315
1.77208622012766 3.79335503776868 1.43328400268016
1.95393040468961 3.80091493659549 1.42520726773345
2.15443469003188 3.81834781169891 1.42399410588369
2.37551389879217 3.82905476623111 1.41037569338915
2.61927934481563 3.83907681703568 1.4059897259433
2.88805899627279 3.85640262232886 1.40501258307665
3.18441970783354 3.87951401869456 1.37913436121762
3.51119173421513 3.88592503468196 1.37434581126451
3.87149575920948 3.90374505519867 1.36284356092245
4.26877269831788 3.92865259779824 1.35426485606827
4.70681655960925 3.94482544395659 1.34424482236805
5.18981067662415 3.96873071458605 1.3234402623815
5.72236765935021 3.99054421318902 1.30083763700264
6.30957344480193 4.0237250328064 1.27425945379403
6.95703586788939 4.0646437936359 1.29284122067405
7.67093821642944 4.09176822503408 1.25616943714899
8.45809828175134 4.13322684499953 1.23125688512929
9.3260334688322 4.16862487792969 1.20732098783469
10.2830325877662 4.19226296742757 1.17648854022777
11.3382350121785 4.26877350277371 1.19530070355137
12.5017179605493 4.30435546239217 1.16777282106827
13.7845927339877 4.37678085433112 1.2058285326493
15.1991108295293 4.44332848654853 1.1915871478063
16.7587809423433 4.51966423458523 1.20322932884591
18.4784979742229 4.59626081254747 1.22188972347115
20.3746852803971 4.66165108150906 1.22922248770927
22.4654515131221 4.73201367590162 1.23694193317547
24.7707635599171 4.84779169824388 1.32305909895689
27.3126372280084 4.94051424662272 1.39567359125951
30.1153474960257 5.09247806337145 1.56058182973186
33.2056603408601 5.18005193604363 1.67015574239967
36.6130883536403 5.29998763402303 1.80508171986836
40.3701725859655 5.4039879904853 1.95508409771275
44.5127933180376 5.52249256769816 2.15445234914862
49.0805127165385 5.91614431805081 2.6670170180672
54.1169526546463 6.15223542849223 2.97175657118258
59.6702113023847 6.34539053175184 3.25621922199028
65.7933224657567 6.62871392567952 3.68022957069902
72.544762061368 7.02866511874729 4.2005719370195
79.9890065633877 7.55134688483344 4.97373770227449
88.1971487560358 8.00417094760471 5.56553685574297
97.2475766720517 8.55087365044488 6.39091226661423
107.226722201032 9.22267002529568 7.27882619517423
118.229886516871 9.84293304549323 8.01314799871704
130.362150207157 10.6469695568085 9.06862044229039
143.73937679631 11.4934108787113 10.0244049453401
158.489319246111 12.3340499401093 11.1977984956924
