0.01 0.0267132520675659 0
0.0110261587867257 0.0295006632804871 0
0.0121576177590088 0.0325223207473755 0
0.0134051823879147 0.0360112190246582 0
0.0147807669574167 0.0398015379905701 0
0.0162975083462065 0.0432939082384109 0
0.017969891485326 0.0481499806046486 0
0.0198138876897434 0.0532335788011551 0
0.021847107184946 0.0584331750869751 0
0.024088967285183 0.064478874206543 0
0.0265608778294669 0.0710504949092865 0
0.0292864456462524 0.077975831925869 0
0.032291699999439 0.0869675576686859 0
0.0356053411687124 0.0947069525718689 0
0.0392590145381765 0.105595707893372 0
0.0432876128108306 0.116083018481731 0
0.0477296092350519 0.128059267997742 0
0.0526274250254052 0.141403257846832 0
0.0580278344866619 0.154960453510284 0
0.0639824117099771 0.172197729349136 0
0.0705480231071865 0.188591539859772 0
0.0777873704869431 0.208533883094788 0
0.0857695898590894 0.228909105062485 0
0.0945709116858657 0.253223538398743 0
0.104275388885377 0.279747426509857 0
0.114975699539774 0.307276785373688 0
0.126774031974041 0.339741587638855 0
0.139783060657921 0.37430864572525 0
0.154127022250875 0.41571444272995 0
0.169942902066335 0.455141305923462 0
0.187381742286038 0.500096917152405 0
0.206610084417917 0.554015040397644 0
0.227811559773075 0.607371747493744 0
0.251188643150958 0.673948228359222 0
0.276964586480464 0.73645693063736 0
0.305385550883342 0.820792555809021 0
0.336722957521142 0.898759722709656 0
0.3712760796764 0.989124655723572 0
0.409374900822501 1.09539604187012 0
0.451383265976898 1.20712673664093 0
0.497702356433211 1.33263778686523 0
0.548774521056013 1.46592891216278 0
0.605087500727294 1.62086319923401 0
0.667179086288214 1.79129695892334 0
0.735642254459641 1.96094787120819 0
0.811130830789687 2.17048811912537 0
0.894365733709581 2.40862417221069 0
0.986141859328828 2.64843964576721 0
1.08733567271966 2.89634227752686 0
1.19891357818781 3.2276816368103 0
1.32194114846603 3.5429151058197 0
1.4575933009693 3.91351985931396 0
1.60716551829551 4.33420991897583 0
1.77208622012766 4.72646188735962 0
1.95393040468961 5.21509695053101 0
2.15443469003188 5.77537155151367 0
2.37551389879217 6.3748722076416 0
2.61927934481563 6.96876192092896 0
2.88805899627279 7.69401264190674 0
3.18441970783354 8.53622531890869 0
3.51119173421513 9.42751693725586 0
3.87149575920948 10.376971244812 0
4.26877269831788 11.3401708602905 0
4.70681655960925 12.5414848327637 0
5.18981067662415 13.9771203994751 0
5.72236765935021 15.3240022659302 0
6.30957344480193 16.8461761474609 0
6.95703586788939 18.6295490264893 0
7.67093821642944 20.4784126281738 0
8.45809828175134 22.5777721405029 0
9.3260334688322 24.8846015930176 0
10.2830325877662 27.4793243408203 0
11.3382350121785 30.2684192657471 0
12.5017179605493 33.4367599487305 0
13.7845927339877 36.9247283935547 0
15.1991108295293 40.5710525512695 0
16.7587809423433 44.6417465209961 0
18.4784979742229 49.2992248535156 0
20.3746852803971 54.8451995849609 0
22.4654515131221 59.7539176940918 0
24.7707635599171 66.2239837646484 0
27.3126372280084 73.2053527832031 0
30.1153474960257 80.4802703857422 0
33.2056603408601 88.8361740112305 0
36.6130883536403 97.8147201538086 0
40.3701725859655 108.49976348877 0
44.5127933180376 118.281341552734 0
49.0805127165385 130.683197021484 0
54.1169526546463 144.922775268555 0
59.6702113023847 159.582611083984 0
65.7933224657567 175.779403686523 0
72.544762061368 194.191665649414 0
79.9890065633877 214.193954467773 0
88.1971487560358 235.927780151367 0
97.2475766720517 260.180419921875 0
107.226722201032 288.866546630859 0
118.229886516871 315.161529541016 0
130.362150207157 346.880096435547 0
143.73937679631 383.032836914062 0
158.489319246111 424.204559326172 0
