0.01 0 0
0.0110261587867257 0 0
0.0121576177590088 0 0
0.0134051823879147 0 0
0.0147807669574167 0 0
0.0162975083462065 0 0
0.017969891485326 0 0
0.0198138876897434 0 0
0.021847107184946 0 0
0.024088967285183 0 0
0.0265608778294669 0 0
0.0292864456462524 0 0
0.032291699999439 0 0
0.0356053411687124 0 0
0.0392590145381765 0 0
0.0432876128108306 0 0
0.0477296092350519 0 0
0.0526274250254052 0 0
0.0580278344866619 0 0
0.0639824117099771 0 0
0.0705480231071865 0 0
0.0777873704869431 0 0
0.0857695898590894 0 0
0.0945709116858657 0 0
0.104275388885377 0 0
0.114975699539774 0 0
0.126774031974041 0 0
0.139783060657921 0 0
0.154127022250875 0 0
0.169942902066335 0 0
0.187381742286038 0 0
0.206610084417917 0 0
0.227811559773075 0 0
0.251188643150958 0 0
0.276964586480464 0 0
0.305385550883342 0 0
0.336722957521142 0 0
0.3712760796764 0 0
0.409374900822501 0 0
0.451383265976898 0 0
0.497702356433211 0 0
0.548774521056013 0 0
0.605087500727294 0 0
0.667179086288214 0 0
0.735642254459641 0 0
0.811130830789687 0 0
0.894365733709581 0 0
0.986141859328828 0 0
1.08733567271966 0 0
1.19891357818781 0 0
1.32194114846603 0 0
1.4575933009693 0 0
1.60716551829551 0 0
1.77208622012766 0 0
1.95393040468961 0 0
2.15443469003188 0 0
2.37551389879217 0 0
2.61927934481563 0 0
2.88805899627279 0 0
3.18441970783354 0 0
3.51119173421513 0 0
3.87149575920948 0 0
4.26877269831788 0 0
4.70681655960925 0 0
5.18981067662415 0 0
5.72236765935021 0 0
6.30957344480193 0 0
6.95703586788939 0 0
7.67093821642944 0 0
8.45809828175134 0 0
9.3260334688322 0 0
10.2830325877662 0 0
11.3382350121785 0 0
12.5017179605493 0 0
13.7845927339877 0 0
15.1991108295293 0 0
16.7587809423433 0 0
18.4784979742229 0 0
20.3746852803971 0 0
22.4654515131221 0 0
24.7707635599171 0 0
27.3126372280084 0 0
30.1153474960257 0 0
33.2056603408601 0 0
36.6130883536403 0 0
40.3701725859655 0 0
44.5127933180376 0 0
49.0805127165385 0 0
54.1169526546463 0 0
59.6702113023847 0 0
65.7933224657567 0 0
72.544762061368 0 0
79.9890065633877 0 0
88.1971487560358 0 0
97.2475766720517 0 0
107.226722201032 0 0
118.229886516871 0 0
130.362150207157 0 0
143.73937679631 0 0
158.489319246111 0 0
