0.01 0.05510413646698 0
0.0110261587867257 0.0610904693603516 0
0.0121576177590088 0.0667253136634827 0
0.0134051823879147 0.0736348628997803 0
0.0147807669574167 0.0815292596817017 0
0.0162975083462065 0.0902609825134277 0
0.017969891485326 0.0988936498761177 0
0.0198138876897434 0.10872894525528 0
0.021847107184946 0.120334133505821 0
0.024088967285183 0.132842570543289 0
0.0265608778294669 0.146286606788635 0
0.0292864456462524 0.160668730735779 0
0.032291699999439 0.176731169223785 0
0.0356053411687124 0.195952996611595 0
0.0392590145381765 0.215675920248032 0
0.0432876128108306 0.23953203856945 0
0.0477296092350519 0.263958334922791 0
0.0526274250254052 0.29069310426712 0
0.0580278344866619 0.319215893745422 0
0.0639824117099771 0.350768685340881 0
0.0705480231071865 0.387738227844238 0
0.0777873704869431 0.427835643291473 0
0.0857695898590894 0.469959050416946 0
0.0945709116858657 0.523396670818329 0
0.104275388885377 0.569091498851776 0
0.114975699539774 0.633066356182098 0
0.126774031974041 0.697972595691681 0
0.139783060657921 0.768743276596069 0
0.154127022250875 0.845128357410431 0
0.169942902066335 0.934990048408508 0
0.187381742286038 1.03239059448242 0
0.206610084417917 1.13619542121887 0
0.227811559773075 1.25309479236603 0
0.251188643150958 1.37687993049622 0
0.276964586480464 1.51477217674255 0
0.305385550883342 1.66916000843048 0
0.336722957521142 1.86314964294434 0
0.3712760796764 2.03593707084656 0
0.409374900822501 2.25687026977539 0
0.451383265976898 2.48430395126343 0
0.497702356433211 2.74278545379639 0
0.548774521056013 3.0245943069458 0
0.605087500727294 3.33129382133484 0
0.667179086288214 3.6794970035553 0
0.735642254459641 4.04479503631592 0
0.811130830789687 4.44135141372681 0
0.894365733709581 4.91241550445557 0
0.986141859328828 5.41979932785034 0
1.08733567271966 5.9843955039978 0
1.19891357818781 6.54143381118774 0
1.32194114846603 7.24187564849854 0
1.4575933009693 7.99953413009644 0
1.60716551829551 8.88328075408936 0
1.77208622012766 9.72706031799316 0
1.95393040468961 10.7449579238892 0
2.15443469003188 11.8387308120728 0
2.37551389879217 13.0968236923218 0
2.61927934481563 14.3042821884155 0
2.88805899627279 15.8745231628418 0
3.18441970783354 17.7253074645996 0
3.51119173421513 19.2904224395752 0
3.87149575920948 21.184253692627 0
4.26877269831788 23.5079364776611 0
4.70681655960925 25.8352165222168 0
5.18981067662415 28.4236335754395 0
5.72236765935021 31.4710483551025 0
6.30957344480193 34.656608581543 0
6.95703586788939 38.244255065918 0
7.67093821642944 42.3660011291504 0
8.45809828175134 46.4689865112305 0
9.3260334688322 51.079532623291 0
10.2830325877662 56.6278648376465 0
11.3382350121785 62.5580787658691 0
12.5017179605493 68.6068878173828 0
13.7845927339877 75.9996185302734 0
15.1991108295293 83.4802093505859 0
16.7587809423433 92.5625228881836 0
18.4784979742229 101.044105529785 0
20.3746852803971 112.276428222656 0
22.4654515131221 123.901664733887 0
24.7707635599171 137.14599609375 0
27.3126372280084 150.811508178711 0
30.1153474960257 164.99072265625 0
33.2056603408601 182.162826538086 0
36.6130883536403 202.422698974609 0
40.3701725859655 220.08625793457 0
44.5127933180376 244.274276733398 0
49.0805127165385 268.786651611328 0
54.1169526546463 296.831268310547 0
59.6702113023847 332.205291748047 0
65.7933224657567 363.331268310547 0
72.544762061368 399.519744873047 0
79.9890065633877 439.87158203125 0
88.1971487560358 483.333282470703 0
97.2475766720517 537.044494628906 0
107.226722201032 588.994750976562 0
118.229886516871 649.660400390625 0
130.362150207157 716.130249023438 0
143.73937679631 792.265869140625 0
158.489319246111 873.086059570312 0
