0.007769346237182617
0.007769346237182617
0.007769346237182617
0.007769346237182617
0.007769346237182617
0.007769346237182617
0.007769346237182617
0.007769346237182617
0.007769346237182617
0.007769346237182617
0.007769346237182617
0.007769346237182617
0.007769346237182617
0.007769346237182617
0.007769346237182617
0.007769346237182617
0.007769346237182617
0.007769346237182617
0.007769346237182617
0.007769346237182617
0.007769346237182617
0.007769346237182617
0.007769346237182617
0.007769346237182617
0.007769346237182617
0.007769346237182617
0.007769346237182617
0.007769346237182617
0.007769346237182617
0.007769346237182617
0.007769346237182617
0.007769346237182617
0.007769346237182617
0.007769346237182617
0.007769346237182617
0.007769346237182617
0.007769346237182617
0.007769346237182617
0.007769346237182617
0.007769346237182617
0.007769346237182617
0.007769346237182617
0.007769346237182617
0.007769346237182617
0.007769346237182617
0.007769346237182617
0.007769346237182617
0.007769346237182617
0.007769346237182617
0.007769346237182617
0.007769346237182617
0.007769346237182617
0.007769346237182617
0.007769346237182617
0.007769346237182617
0.007769346237182617
0.007769346237182617
0.007769346237182617
0.007769346237182617
0.007769346237182617
0.007769346237182617
0.007769346237182617
0.007769346237182617
0.007769346237182617
0.007769346237182617
0.007769346237182617
0.007769346237182617
0.007769346237182617
0.007769346237182617
0.007769346237182617
0.007769346237182617
0.007769346237182617
0.007769346237182617
0.007769346237182617
0.007769346237182617
0.007769346237182617
0.007769346237182617
0.007769346237182617
0.007769346237182617
0.007769346237182617
0.007769346237182617
0.007769346237182617
0.007769346237182617
0.007769346237182617
0.007769346237182617
0.007769346237182617
0.007769346237182617
0.007769346237182617
0.007769346237182617
0.007769346237182617
0.007769346237182617
0.007769346237182617
0.007769346237182617
0.007769346237182617
0.007769346237182617
0.007769346237182617
0.007769346237182617
0.007769346237182617
0.007769346237182617
0.007769346237182617
0.007769346237182617
0.007769346237182617
0.007769346237182617
0.007769346237182617
0.007769346237182617
0.007769346237182617
0.007769346237182617
0.007769346237182617
0.007769346237182617
0.007769346237182617
0.007769346237182617
0.007769346237182617
0.007769346237182617
0.007769346237182617
0.007769346237182617
0.007769346237182617
0.007769346237182617
0.007769346237182617
0.007769346237182617
0.007769346237182617
0.007769346237182617
0.007769346237182617
0.007769346237182617
0.007769346237182617
0.007769346237182617
0.007769346237182617
0.007769346237182617
0.007769346237182617
0.007769346237182617
0.007769346237182617
0.007769346237182617
0.007769346237182617
0.007769346237182617
0.007769346237182617
0.007769346237182617
0.007769346237182617
0.007769346237182617
0.007769346237182617
0.007769346237182617
0.007769346237182617
0.007769346237182617
0.007769346237182617
0.007769346237182617
0.007769346237182617
0.007769346237182617
0.007769346237182617
0.007769346237182617
0.007769346237182617
0.007769346237182617
0.007769346237182617
0.007769346237182617
0.007769346237182617
0.007769346237182617
0.007769346237182617
0.007769346237182617
0.007769346237182617
0.007769346237182617
0.007769346237182617
0.007769346237182617
0.007769346237182617
0.007769346237182617
0.007769346237182617
0.007769346237182617
0.007769346237182617
0.007769346237182617
0.007769346237182617
0.007769346237182617
0.007769346237182617
0.007769346237182617
0.007769346237182617
0.007769346237182617
0.007769346237182617
0.007769346237182617
0.007769346237182617
0.007769346237182617
0.007769346237182617
0.007769346237182617
0.007769346237182617
0.007769346237182617
0.007769346237182617
0.007769346237182617
0.007769346237182617
0.007769346237182617
0.007769346237182617
0.007769346237182617
0.007769346237182617
0.007769346237182617
0.007769346237182617
0.007769346237182617
0.007769346237182617
0.007769346237182617
0.007769346237182617
0.007769346237182617
0.007769346237182617
0.007769346237182617
0.007769346237182617
0.007769346237182617
0.007769346237182617
0.007769346237182617
0.007769346237182617
0.007769346237182617
0.007769346237182617
0.007769346237182617
0.007769346237182617
0.007769346237182617
0.007769346237182617
0.007769346237182617
0.007769346237182617
0.007769346237182617
0.007769346237182617
0.007769346237182617
0.007769346237182617
0.007769346237182617
0.007769346237182617
0.007769346237182617
0.007769346237182617
0.007769346237182617
0.007769346237182617
0.007769346237182617
0.007769346237182617
0.007769346237182617
0.007769346237182617
0.007769346237182617
0.007769346237182617
0.007769346237182617
0.007769346237182617
0.007769346237182617
0.007769346237182617
0.007769346237182617
0.007769346237182617
0.007769346237182617
0.007769346237182617
0.007769346237182617
0.007769346237182617
0.007769346237182617
0.007769346237182617
0.007769346237182617
0.007769346237182617
0.007769346237182617
0.007769346237182617
0.007769346237182617
0.007769346237182617
0.007769346237182617
0.007769346237182617
0.007769346237182617
0.007769346237182617
0.007769346237182617
0.007769346237182617
0.007769346237182617
0.007769346237182617
0.007769346237182617
0.007769346237182617
0.007769346237182617
0.007769346237182617
0.007769346237182617
0.007769346237182617
0.007769346237182617
0.007769346237182617
0.007769346237182617
0.007769346237182617
0.007769346237182617
0.007769346237182617
0.007769346237182617
0.007769346237182617
0.007769346237182617
0.007769346237182617
0.007769346237182617
0.007769346237182617
0.007769346237182617
0.007769346237182617
0.007769346237182617
0.007769346237182617
0.007769346237182617
0.007769346237182617
0.007769346237182617
0.007769346237182617
0.007769346237182617
0.007769346237182617
0.007769346237182617
0.007769346237182617
0.007769346237182617
0.007769346237182617
0.007769346237182617
0.007769346237182617
0.007769346237182617
0.007769346237182617
0.007769346237182617
0.007769346237182617
0.007769346237182617
0.007769346237182617
0.007769346237182617
0.007769346237182617
0.007769346237182617
0.007769346237182617
0.007769346237182617
0.007769346237182617
0.007769346237182617
0.007769346237182617
0.007769346237182617
0.007769346237182617
0.007769346237182617
0.007769346237182617
0.007769346237182617
0.007769346237182617
0.007769346237182617
0.007769346237182617
0.007769346237182617
0.007769346237182617
0.007769346237182617
0.007769346237182617
0.007769346237182617
0.007769346237182617
0.007769346237182617
0.007769346237182617
0.007769346237182617
0.007769346237182617
0.007769346237182617
0.007769346237182617
0.007769346237182617
0.007769346237182617
0.007769346237182617
0.007769346237182617
0.007769346237182617
0.007769346237182617
0.007769346237182617
0.007769346237182617
0.007769346237182617
0.007769346237182617
0.007769346237182617
0.007769346237182617
0.007769346237182617
0.007769346237182617
0.007769346237182617
0.007769346237182617
0.007769346237182617
0.007769346237182617
0.007769346237182617
0.007769346237182617
0.007769346237182617
0.007769346237182617
0.007769346237182617
0.007769346237182617
0.007769346237182617
0.007769346237182617
0.007769346237182617
0.007769346237182617
0.007769346237182617
0.007769346237182617
0.007769346237182617
0.007769346237182617
0.007769346237182617
0.007769346237182617
0.007769346237182617
0.007769346237182617
0.007769346237182617
0.007769346237182617
0.007769346237182617
0.007769346237182617
0.007769346237182617
0.007769346237182617
0.007769346237182617
0.007769346237182617
0.007769346237182617
0.007769346237182617
0.007769346237182617
0.007769346237182617
0.007769346237182617
0.007769346237182617
0.007769346237182617
0.007769346237182617
0.007769346237182617
0.007769346237182617
0.007769346237182617
0.007769346237182617
0.007769346237182617
0.007769346237182617
0.007769346237182617
0.007769346237182617
0.007769346237182617
0.007769346237182617
0.007769346237182617
0.007769346237182617
0.007769346237182617
0.007769346237182617
0.007769346237182617
0.007769346237182617
0.007769346237182617
0.007769346237182617
0.007769346237182617
0.007769346237182617
0.007769346237182617
0.007769346237182617
0.007769346237182617
0.007769346237182617
0.007769346237182617
0.007769346237182617
0.007769346237182617
0.007769346237182617
0.007769346237182617
0.007769346237182617
0.007769346237182617
0.007769346237182617
0.007769346237182617
0.007769346237182617
0.007769346237182617
0.007769346237182617
0.007769346237182617
0.007769346237182617
0.007769346237182617
0.007769346237182617
0.007769346237182617
0.007769346237182617
0.007769346237182617
0.007769346237182617
0.007769346237182617
0.007769346237182617
0.007769346237182617
0.007769346237182617
0.007769346237182617
0.007769346237182617
0.007769346237182617
0.007769346237182617
0.007769346237182617
0.007769346237182617
0.007769346237182617
0.007769346237182617
0.007769346237182617
0.007769346237182617
0.007769346237182617
0.007769346237182617
0.007769346237182617
0.007769346237182617
0.007769346237182617
0.007769346237182617
0.007769346237182617
0.007769346237182617
0.007769346237182617
0.007769346237182617
0.007769346237182617
0.007769346237182617
0.007769346237182617
0.007769346237182617
0.007769346237182617
0.007769346237182617
0.007769346237182617
0.007769346237182617
0.007769346237182617
0.007769346237182617
0.007769346237182617
0.007769346237182617
0.007769346237182617
0.007769346237182617
0.007769346237182617
0.007769346237182617
0.007769346237182617
0.007769346237182617
0.007769346237182617
0.007769346237182617
0.007769346237182617
0.007769346237182617
0.007769346237182617
0.007769346237182617
0.007769346237182617
0.007769346237182617
0.007769346237182617
0.007769346237182617
0.007769346237182617
0.007769346237182617
0.007769346237182617
0.007769346237182617
0.007769346237182617
0.007769346237182617
0.007769346237182617
0.016327589750289917
0.016327589750289917
0.016327589750289917
0.016327589750289917
0.016327589750289917
0.016327589750289917
0.016327589750289917
0.016327589750289917
0.016327589750289917
0.016327589750289917
0.016327589750289917
0.016327589750289917
0.016327589750289917
0.016327589750289917
0.016327589750289917
0.016327589750289917
0.016327589750289917
0.016327589750289917
0.016327589750289917
0.016327589750289917
0.016327589750289917
0.016327589750289917
0.016327589750289917
0.016327589750289917
0.016327589750289917
0.016327589750289917
0.016327589750289917
0.016327589750289917
0.016327589750289917
0.016327589750289917
0.016327589750289917
0.016327589750289917
0.016327589750289917
0.016327589750289917
0.016327589750289917
0.016327589750289917
0.016327589750289917
0.016327589750289917
0.016327589750289917
0.016327589750289917
0.016327589750289917
0.016327589750289917
0.016327589750289917
0.016327589750289917
0.016327589750289917
0.016327589750289917
0.016327589750289917
0.016327589750289917
0.016327589750289917
0.016327589750289917
0.016327589750289917
0.016327589750289917
0.016327589750289917
0.016327589750289917
0.016327589750289917
0.016327589750289917
0.016327589750289917
0.016327589750289917
0.016327589750289917
0.016327589750289917
0.016327589750289917
0.016327589750289917
0.016327589750289917
0.016327589750289917
0.016327589750289917
0.016327589750289917
0.016327589750289917
0.016327589750289917
0.016327589750289917
0.016327589750289917
0.016327589750289917
0.016327589750289917
0.016327589750289917
0.016327589750289917
0.016327589750289917
0.016327589750289917
0.016327589750289917
0.016327589750289917
0.016327589750289917
0.016327589750289917
0.016327589750289917
0.016327589750289917
0.016327589750289917
0.016327589750289917
0.016327589750289917
0.016327589750289917
0.016327589750289917
0.016327589750289917
0.016327589750289917
0.016327589750289917
0.016327589750289917
0.016327589750289917
0.016327589750289917
0.016327589750289917
0.016327589750289917
0.016327589750289917
0.016327589750289917
0.016327589750289917
0.016327589750289917
0.016327589750289917
0.016327589750289917
0.016327589750289917
0.016327589750289917
0.016327589750289917
0.016327589750289917
0.016327589750289917
0.016327589750289917
0.016327589750289917
0.016327589750289917
0.016327589750289917
0.016327589750289917
0.016327589750289917
0.016327589750289917
0.016327589750289917
0.016327589750289917
0.016327589750289917
0.016327589750289917
0.016327589750289917
0.016327589750289917
0.016327589750289917
0.016327589750289917
0.016327589750289917
0.016327589750289917
0.016327589750289917
0.016327589750289917
0.016327589750289917
0.016327589750289917
0.016327589750289917
0.016327589750289917
0.016327589750289917
0.016327589750289917
0.016327589750289917
0.016327589750289917
0.016327589750289917
0.016327589750289917
0.016327589750289917
0.016327589750289917
0.016327589750289917
0.016327589750289917
0.016327589750289917
0.016327589750289917
0.016327589750289917
0.016327589750289917
0.016327589750289917
0.016327589750289917
0.016327589750289917
0.016327589750289917
0.016327589750289917
0.016327589750289917
0.016327589750289917
0.016327589750289917
0.016327589750289917
0.016327589750289917
0.016327589750289917
0.016327589750289917
0.016327589750289917
0.016327589750289917
0.016327589750289917
0.016327589750289917
0.016327589750289917
0.016327589750289917
0.016327589750289917
0.016327589750289917
0.016327589750289917
0.016327589750289917
0.016327589750289917
0.016327589750289917
0.016327589750289917
0.016327589750289917
0.016327589750289917
0.016327589750289917
0.016327589750289917
0.016327589750289917
0.016327589750289917
0.016327589750289917
0.016327589750289917
0.016327589750289917
0.016327589750289917
0.016327589750289917
0.016327589750289917
0.016327589750289917
0.016327589750289917
0.016327589750289917
0.016327589750289917
0.016327589750289917
0.016327589750289917
0.016327589750289917
0.016327589750289917
0.016327589750289917
0.016327589750289917
0.016327589750289917
0.016327589750289917
0.016327589750289917
0.016327589750289917
0.016327589750289917
0.016327589750289917
0.016327589750289917
0.016327589750289917
0.016327589750289917
0.016327589750289917
0.016327589750289917
0.016327589750289917
0.016327589750289917
0.016327589750289917
0.016327589750289917
0.016327589750289917
0.016327589750289917
0.016327589750289917
0.016327589750289917
0.016327589750289917
0.016327589750289917
0.016327589750289917
0.016327589750289917
0.016327589750289917
0.016327589750289917
0.016327589750289917
0.016327589750289917
0.016327589750289917
0.016327589750289917
0.016327589750289917
0.016327589750289917
0.016327589750289917
0.016327589750289917
0.016327589750289917
0.016327589750289917
0.016327589750289917
0.016327589750289917
0.016327589750289917
0.016327589750289917
0.016327589750289917
0.016327589750289917
0.016327589750289917
0.016327589750289917
0.016327589750289917
0.016327589750289917
0.016327589750289917
0.016327589750289917
0.016327589750289917
0.016327589750289917
0.016327589750289917
0.016327589750289917
0.016327589750289917
0.016327589750289917
0.016327589750289917
0.016327589750289917
0.016327589750289917
0.016327589750289917
0.016327589750289917
0.016327589750289917
0.016327589750289917
0.016327589750289917
0.016327589750289917
0.016327589750289917
0.016327589750289917
0.016327589750289917
0.016327589750289917
0.016327589750289917
0.016327589750289917
0.016327589750289917
0.016327589750289917
0.016327589750289917
0.016327589750289917
0.016327589750289917
0.016327589750289917
0.016327589750289917
0.016327589750289917
0.016327589750289917
0.016327589750289917
0.016327589750289917
0.016327589750289917
0.016327589750289917
0.016327589750289917
0.016327589750289917
0.016327589750289917
0.016327589750289917
0.016327589750289917
0.016327589750289917
0.016327589750289917
0.016327589750289917
0.016327589750289917
0.016327589750289917
0.016327589750289917
0.016327589750289917
0.016327589750289917
0.016327589750289917
0.016327589750289917
0.016327589750289917
0.016327589750289917
0.016327589750289917
0.016327589750289917
0.016327589750289917
0.016327589750289917
0.016327589750289917
0.016327589750289917
0.016327589750289917
0.016327589750289917
0.016327589750289917
0.016327589750289917
0.016327589750289917
0.016327589750289917
0.016327589750289917
0.016327589750289917
0.016327589750289917
0.016327589750289917
0.016327589750289917
0.016327589750289917
0.016327589750289917
0.016327589750289917
0.016327589750289917
0.016327589750289917
0.016327589750289917
0.016327589750289917
0.016327589750289917
0.016327589750289917
0.016327589750289917
0.016327589750289917
0.016327589750289917
0.016327589750289917
0.016327589750289917
0.016327589750289917
0.016327589750289917
0.016327589750289917
0.016327589750289917
0.016327589750289917
0.016327589750289917
0.016327589750289917
0.016327589750289917
0.016327589750289917
0.016327589750289917
0.016327589750289917
0.016327589750289917
0.016327589750289917
0.016327589750289917
0.016327589750289917
0.016327589750289917
0.016327589750289917
0.016327589750289917
0.016327589750289917
0.016327589750289917
0.016327589750289917
0.016327589750289917
0.016327589750289917
0.016327589750289917
0.016327589750289917
0.016327589750289917
0.016327589750289917
0.016327589750289917
0.016327589750289917
0.016327589750289917
0.016327589750289917
0.016327589750289917
0.016327589750289917
0.016327589750289917
0.016327589750289917
0.016327589750289917
0.016327589750289917
0.016327589750289917
0.016327589750289917
0.016327589750289917
0.016327589750289917
0.016327589750289917
0.016327589750289917
0.016327589750289917
0.016327589750289917
0.016327589750289917
0.016327589750289917
0.016327589750289917
0.016327589750289917
0.016327589750289917
0.016327589750289917
0.016327589750289917
0.016327589750289917
0.016327589750289917
0.030363142490386963
0.030363142490386963
0.030363142490386963
0.030363142490386963
0.030363142490386963
0.030363142490386963
0.030363142490386963
0.030363142490386963
0.030363142490386963
0.030363142490386963
0.030363142490386963
0.030363142490386963
0.030363142490386963
0.030363142490386963
0.030363142490386963
0.030363142490386963
0.030363142490386963
0.030363142490386963
0.030363142490386963
0.030363142490386963
0.030363142490386963
0.030363142490386963
0.030363142490386963
0.030363142490386963
0.030363142490386963
0.030363142490386963
0.030363142490386963
0.030363142490386963
0.030363142490386963
0.030363142490386963
0.030363142490386963
0.030363142490386963
0.030363142490386963
0.030363142490386963
0.030363142490386963
0.030363142490386963
0.030363142490386963
0.030363142490386963
0.030363142490386963
0.030363142490386963
0.030363142490386963
0.030363142490386963
0.030363142490386963
0.030363142490386963
0.030363142490386963
0.030363142490386963
0.030363142490386963
0.030363142490386963
0.030363142490386963
0.030363142490386963
0.030363142490386963
0.030363142490386963
0.030363142490386963
0.030363142490386963
0.030363142490386963
0.030363142490386963
0.030363142490386963
0.030363142490386963
0.030363142490386963
0.030363142490386963
0.030363142490386963
0.030363142490386963
0.030363142490386963
0.030363142490386963
0.030363142490386963
0.030363142490386963
0.030363142490386963
0.030363142490386963
0.030363142490386963
0.030363142490386963
0.030363142490386963
0.030363142490386963
0.030363142490386963
0.030363142490386963
0.030363142490386963
0.030363142490386963
0.030363142490386963
0.030363142490386963
0.030363142490386963
0.030363142490386963
0.030363142490386963
0.030363142490386963
0.030363142490386963
0.030363142490386963
0.030363142490386963
0.030363142490386963
0.030363142490386963
0.030363142490386963
0.030363142490386963
0.030363142490386963
0.030363142490386963
0.030363142490386963
0.030363142490386963
0.030363142490386963
0.030363142490386963
0.030363142490386963
0.030363142490386963
0.030363142490386963
0.030363142490386963
0.030363142490386963
0.030363142490386963
0.030363142490386963
0.030363142490386963
0.030363142490386963
0.030363142490386963
0.030363142490386963
0.030363142490386963
0.030363142490386963
0.030363142490386963
0.030363142490386963
0.030363142490386963
0.030363142490386963
0.030363142490386963
0.030363142490386963
0.030363142490386963
0.030363142490386963
0.030363142490386963
0.030363142490386963
0.030363142490386963
0.030363142490386963
0.030363142490386963
0.030363142490386963
0.030363142490386963
0.030363142490386963
0.030363142490386963
0.030363142490386963
0.030363142490386963
0.030363142490386963
0.030363142490386963
0.030363142490386963
0.030363142490386963
0.030363142490386963
0.030363142490386963
0.030363142490386963
0.030363142490386963
0.030363142490386963
0.030363142490386963
0.030363142490386963
0.030363142490386963
0.030363142490386963
0.030363142490386963
0.030363142490386963
0.030363142490386963
0.030363142490386963
0.030363142490386963
0.030363142490386963
0.030363142490386963
0.030363142490386963
0.030363142490386963
0.030363142490386963
0.030363142490386963
0.030363142490386963
0.030363142490386963
0.030363142490386963
0.030363142490386963
0.030363142490386963
0.030363142490386963
0.030363142490386963
0.030363142490386963
0.030363142490386963
0.030363142490386963
0.030363142490386963
0.030363142490386963
0.030363142490386963
0.030363142490386963
0.030363142490386963
0.030363142490386963
0.030363142490386963
0.030363142490386963
0.030363142490386963
0.030363142490386963
0.030363142490386963
0.030363142490386963
0.030363142490386963
0.030363142490386963
0.030363142490386963
0.030363142490386963
0.030363142490386963
0.030363142490386963
0.030363142490386963
0.030363142490386963
0.030363142490386963
0.030363142490386963
0.030363142490386963
0.030363142490386963
0.030363142490386963
0.030363142490386963
0.030363142490386963
0.030363142490386963
0.030363142490386963
0.030363142490386963
0.030363142490386963
0.030363142490386963
0.030363142490386963
0.030363142490386963
0.030363142490386963
0.030363142490386963
0.030363142490386963
0.030363142490386963
0.030363142490386963
0.030363142490386963
0.030363142490386963
0.030363142490386963
0.030363142490386963
0.030363142490386963
0.030363142490386963
0.030363142490386963
0.030363142490386963
0.030363142490386963
0.030363142490386963
0.030363142490386963
0.030363142490386963
0.030363142490386963
0.030363142490386963
0.030363142490386963
0.030363142490386963
0.030363142490386963
0.030363142490386963
0.030363142490386963
0.030363142490386963
0.030363142490386963
0.030363142490386963
0.030363142490386963
0.030363142490386963
0.030363142490386963
0.030363142490386963
0.030363142490386963
0.030363142490386963
0.030363142490386963
0.030363142490386963
0.030363142490386963
0.030363142490386963
0.030363142490386963
0.030363142490386963
0.030363142490386963
0.030363142490386963
0.030363142490386963
0.030363142490386963
0.030363142490386963
0.030363142490386963
0.030363142490386963
0.030363142490386963
0.030363142490386963
0.030363142490386963
0.030363142490386963
0.030363142490386963
0.030363142490386963
0.030363142490386963
0.030363142490386963
0.030363142490386963
0.030363142490386963
0.030363142490386963
0.030363142490386963
0.030363142490386963
0.030363142490386963
0.030363142490386963
0.030363142490386963
0.030363142490386963
0.030363142490386963
0.030363142490386963
0.030363142490386963
0.030363142490386963
0.030363142490386963
0.030363142490386963
0.030363142490386963
0.030363142490386963
0.030363142490386963
0.030363142490386963
0.030363142490386963
0.030363142490386963
0.030363142490386963
0.030363142490386963
0.030363142490386963
0.030363142490386963
0.030363142490386963
0.030363142490386963
0.030363142490386963
0.030363142490386963
0.030363142490386963
0.030363142490386963
0.030363142490386963
0.030363142490386963
0.030363142490386963
0.030363142490386963
0.030363142490386963
0.030363142490386963
0.030363142490386963
0.030363142490386963
0.030363142490386963
0.030363142490386963
0.030363142490386963
0.030363142490386963
0.030363142490386963
0.030363142490386963
0.030363142490386963
0.030363142490386963
0.030363142490386963
0.030363142490386963
0.030363142490386963
0.030363142490386963
0.030363142490386963
0.030363142490386963
0.030363142490386963
0.030363142490386963
0.030363142490386963
0.030363142490386963
0.030363142490386963
0.030363142490386963
0.030363142490386963
0.030363142490386963
0.030363142490386963
0.030363142490386963
0.030363142490386963
0.030363142490386963
0.030363142490386963
0.030363142490386963
0.030363142490386963
0.030363142490386963
0.030363142490386963
0.030363142490386963
0.030363142490386963
0.030363142490386963
0.030363142490386963
0.030363142490386963
0.030363142490386963
0.030363142490386963
0.030363142490386963
0.030363142490386963
0.030363142490386963
0.030363142490386963
0.030363142490386963
0.030363142490386963
0.030363142490386963
0.030363142490386963
0.030363142490386963
0.030363142490386963
0.030363142490386963
0.030363142490386963
0.030363142490386963
0.030363142490386963
0.030363142490386963
0.030363142490386963
0.030363142490386963
0.030363142490386963
0.030363142490386963
0.030363142490386963
0.030363142490386963
0.030363142490386963
0.030363142490386963
0.030363142490386963
0.030363142490386963
0.030363142490386963
0.030363142490386963
0.030363142490386963
0.030363142490386963
0.030363142490386963
0.030363142490386963
0.030363142490386963
0.030363142490386963
0.030363142490386963
0.030363142490386963
0.030363142490386963
0.030363142490386963
0.030363142490386963
0.030363142490386963
0.030363142490386963
0.030363142490386963
0.030363142490386963
0.030363142490386963
0.030363142490386963
0.030363142490386963
0.030363142490386963
0.030363142490386963
0.030363142490386963
0.030363142490386963
0.030363142490386963
0.030363142490386963
0.030363142490386963
0.030363142490386963
0.030363142490386963
0.030363142490386963
0.030363142490386963
0.030363142490386963
0.030363142490386963
0.030363142490386963
0.030363142490386963
0.030363142490386963
0.030363142490386963
0.030363142490386963
0.030363142490386963
0.030363142490386963
0.030363142490386963
0.030363142490386963
0.030363142490386963
0.030363142490386963
0.030363142490386963
0.030363142490386963
0.030363142490386963
0.030363142490386963
0.030363142490386963
0.030363142490386963
0.030363142490386963
0.030363142490386963
0.030363142490386963
0.030363142490386963
0.030363142490386963
0.030363142490386963
0.030363142490386963
0.030363142490386963
0.030363142490386963
0.030363142490386963
0.030363142490386963
0.030363142490386963
0.030363142490386963
0.030363142490386963
0.030363142490386963
0.030363142490386963
0.030363142490386963
0.030363142490386963
0.030363142490386963
0.030363142490386963
0.030363142490386963
0.030363142490386963
0.030363142490386963
0.030363142490386963
0.030363142490386963
0.030363142490386963
0.030363142490386963
0.030363142490386963
0.030363142490386963
0.030363142490386963
0.030363142490386963
0.030363142490386963
0.030363142490386963
0.030363142490386963
0.030363142490386963
0.030363142490386963
0.030363142490386963
0.030363142490386963
0.030363142490386963
0.030363142490386963
0.030363142490386963
0.030363142490386963
0.030363142490386963
0.030363142490386963
0.030363142490386963
0.030363142490386963
0.030363142490386963
0.030363142490386963
0.030363142490386963
0.030363142490386963
0.030363142490386963
0.030363142490386963
0.030363142490386963
0.030363142490386963
0.030363142490386963
0.030363142490386963
0.030363142490386963
0.030363142490386963
0.030363142490386963
0.030363142490386963
0.030363142490386963
0.030363142490386963
0.030363142490386963
0.030363142490386963
0.030363142490386963
0.030363142490386963
0.030363142490386963
0.030363142490386963
0.030363142490386963
0.030363142490386963
0.030363142490386963
0.030363142490386963
0.030363142490386963
0.030363142490386963
0.030363142490386963
0.030363142490386963
0.030363142490386963
0.030363142490386963
0.030363142490386963
0.030363142490386963
0.030363142490386963
0.030363142490386963
0.030363142490386963
0.030363142490386963
0.030363142490386963
0.030363142490386963
0.030363142490386963
0.030363142490386963
0.030363142490386963
0.030363142490386963
0.030363142490386963
0.030363142490386963
0.030363142490386963
0.030363142490386963
0.030363142490386963
0.030363142490386963
0.030363142490386963
0.030363142490386963
0.030363142490386963
0.030363142490386963
0.030363142490386963
0.030363142490386963
0.030363142490386963
0.030363142490386963
0.030363142490386963
0.030363142490386963
0.030363142490386963
0.030363142490386963
0.030363142490386963
0.030363142490386963
0.030363142490386963
0.030363142490386963
0.030363142490386963
0.030363142490386963
0.030363142490386963
0.030363142490386963
0.030363142490386963
0.030363142490386963
0.030363142490386963
0.030363142490386963
0.030363142490386963
0.030363142490386963
0.030363142490386963
0.030363142490386963
0.030363142490386963
0.030363142490386963
0.030363142490386963
0.030363142490386963
0.030363142490386963
0.030363142490386963
0.030363142490386963
0.030363142490386963
0.030363142490386963
0.030363142490386963
0.030363142490386963
0.030363142490386963
0.030363142490386963
0.030363142490386963
0.030363142490386963
0.030363142490386963
0.030363142490386963
0.030363142490386963
0.030363142490386963
0.030363142490386963
0.030363142490386963
0.030363142490386963
0.030363142490386963
0.030363142490386963
0.030363142490386963
0.030363142490386963
0.030363142490386963
0.030363142490386963
0.030363142490386963
0.030363142490386963
0.030363142490386963
0.04810214042663574
0.04810214042663574
0.04810214042663574
0.04810214042663574
0.04810214042663574
0.04810214042663574
0.04810214042663574
0.04810214042663574
0.04810214042663574
0.04810214042663574
0.04810214042663574
0.04810214042663574
0.04810214042663574
0.04810214042663574
0.04810214042663574
0.04810214042663574
0.04810214042663574
0.04810214042663574
0.04810214042663574
0.04810214042663574
0.04810214042663574
0.04810214042663574
0.04810214042663574
0.04810214042663574
0.04810214042663574
0.04810214042663574
0.04810214042663574
0.04810214042663574
0.04810214042663574
0.04810214042663574
0.04810214042663574
0.04810214042663574
0.04810214042663574
0.04810214042663574
0.04810214042663574
0.04810214042663574
0.04810214042663574
0.04810214042663574
0.04810214042663574
0.04810214042663574
0.04810214042663574
0.04810214042663574
0.04810214042663574
0.04810214042663574
0.04810214042663574
0.04810214042663574
0.04810214042663574
0.04810214042663574
0.04810214042663574
0.04810214042663574
0.04810214042663574
0.04810214042663574
0.04810214042663574
0.04810214042663574
0.04810214042663574
0.04810214042663574
0.04810214042663574
0.04810214042663574
0.04810214042663574
0.04810214042663574
0.04810214042663574
0.04810214042663574
0.04810214042663574
0.04810214042663574
0.04810214042663574
0.04810214042663574
0.04810214042663574
0.04810214042663574
0.04810214042663574
0.04810214042663574
0.04810214042663574
0.04810214042663574
0.04810214042663574
0.04810214042663574
0.04810214042663574
0.04810214042663574
0.04810214042663574
0.04810214042663574
0.04810214042663574
0.04810214042663574
0.04810214042663574
0.04810214042663574
0.04810214042663574
0.04810214042663574
0.04810214042663574
0.04810214042663574
0.04810214042663574
0.04810214042663574
0.04810214042663574
0.04810214042663574
0.04810214042663574
0.04810214042663574
0.04810214042663574
0.04810214042663574
0.04810214042663574
0.04810214042663574
0.04810214042663574
0.04810214042663574
0.04810214042663574
0.04810214042663574
0.04810214042663574
0.04810214042663574
0.04810214042663574
0.04810214042663574
0.04810214042663574
0.04810214042663574
0.04810214042663574
0.04810214042663574
0.04810214042663574
0.04810214042663574
0.04810214042663574
0.04810214042663574
0.04810214042663574
0.04810214042663574
0.04810214042663574
0.04810214042663574
0.04810214042663574
0.04810214042663574
0.04810214042663574
0.04810214042663574
0.04810214042663574
0.04810214042663574
0.04810214042663574
0.04810214042663574
0.04810214042663574
0.04810214042663574
0.04810214042663574
0.04810214042663574
0.04810214042663574
0.04810214042663574
0.04810214042663574
0.04810214042663574
0.04810214042663574
0.04810214042663574
0.04810214042663574
0.04810214042663574
0.04810214042663574
0.04810214042663574
0.04810214042663574
0.04810214042663574
0.04810214042663574
0.04810214042663574
0.04810214042663574
0.04810214042663574
0.04810214042663574
0.04810214042663574
0.04810214042663574
0.04810214042663574
0.04810214042663574
0.04810214042663574
0.04810214042663574
0.04810214042663574
0.04810214042663574
0.04810214042663574
0.04810214042663574
0.04810214042663574
0.04810214042663574
0.04810214042663574
0.04810214042663574
0.04810214042663574
0.04810214042663574
0.04810214042663574
0.04810214042663574
0.04810214042663574
0.04810214042663574
0.04810214042663574
0.04810214042663574
0.04810214042663574
0.04810214042663574
0.04810214042663574
0.04810214042663574
0.04810214042663574
0.04810214042663574
0.04810214042663574
0.04810214042663574
0.04810214042663574
0.04810214042663574
0.04810214042663574
0.04810214042663574
0.04810214042663574
0.04810214042663574
0.04810214042663574
0.04810214042663574
0.04810214042663574
0.04810214042663574
0.04810214042663574
0.04810214042663574
0.04810214042663574
0.04810214042663574
0.04810214042663574
0.04810214042663574
0.04810214042663574
0.04810214042663574
0.04810214042663574
0.04810214042663574
0.04810214042663574
0.04810214042663574
0.04810214042663574
0.04810214042663574
0.04810214042663574
0.04810214042663574
0.04810214042663574
0.04810214042663574
0.04810214042663574
0.04810214042663574
0.04810214042663574
0.04810214042663574
0.04810214042663574
0.04810214042663574
0.04810214042663574
0.04810214042663574
0.04810214042663574
0.04810214042663574
0.04810214042663574
0.04810214042663574
0.04810214042663574
0.04810214042663574
0.04810214042663574
0.04810214042663574
0.04810214042663574
0.04810214042663574
0.04810214042663574
0.04810214042663574
0.04810214042663574
0.04810214042663574
0.04810214042663574
0.04810214042663574
0.04810214042663574
0.04810214042663574
0.04810214042663574
0.04810214042663574
0.04810214042663574
0.04810214042663574
0.04810214042663574
0.04810214042663574
0.04810214042663574
0.04810214042663574
0.04810214042663574
0.04810214042663574
0.04810214042663574
0.04810214042663574
0.04810214042663574
0.04810214042663574
0.04810214042663574
0.04810214042663574
0.04810214042663574
0.04810214042663574
0.04810214042663574
0.04810214042663574
0.04810214042663574
0.04810214042663574
0.04810214042663574
0.04810214042663574
0.04810214042663574
0.04810214042663574
0.04810214042663574
0.04810214042663574
0.04810214042663574
0.04810214042663574
0.04810214042663574
0.04810214042663574
0.04810214042663574
0.04810214042663574
0.04810214042663574
0.04810214042663574
0.04810214042663574
0.04810214042663574
0.04810214042663574
0.04810214042663574
0.04810214042663574
0.04810214042663574
0.04810214042663574
0.04810214042663574
0.04810214042663574
0.04810214042663574
0.04810214042663574
0.04810214042663574
0.04810214042663574
0.04810214042663574
0.04810214042663574
0.04810214042663574
0.04810214042663574
0.04810214042663574
0.04810214042663574
0.04810214042663574
0.04810214042663574
0.04810214042663574
0.04810214042663574
0.04810214042663574
0.04810214042663574
0.04810214042663574
0.04810214042663574
0.04810214042663574
0.04810214042663574
0.04810214042663574
0.04810214042663574
0.04810214042663574
0.04810214042663574
0.04810214042663574
0.04810214042663574
0.04810214042663574
0.04810214042663574
0.04810214042663574
0.05169391632080078
0.05169391632080078
0.05169391632080078
0.05169391632080078
0.05169391632080078
0.05169391632080078
0.05169391632080078
0.05169391632080078
0.05558727658353746
0.05558727658353746
0.05558727658353746
0.05558727658353746
0.06752508878707886
0.06752508878707886
0.06752508878707886
0.06752508878707886
0.06752508878707886
0.06752508878707886
0.06752508878707886
0.06752508878707886
0.06752508878707886
0.06752508878707886
0.06752508878707886
0.06752508878707886
0.06752508878707886
0.06752508878707886
0.06752508878707886
0.06752508878707886
0.06752508878707886
0.06752508878707886
0.06752508878707886
0.06752508878707886
0.06752508878707886
0.06752508878707886
0.06752508878707886
0.06752508878707886
0.06752508878707886
0.06752508878707886
0.06752508878707886
0.06752508878707886
0.06752508878707886
0.06752508878707886
0.06752508878707886
0.06752508878707886
0.06752508878707886
0.06752508878707886
0.06752508878707886
0.06752508878707886
0.06752508878707886
0.06752508878707886
0.06752508878707886
0.06752508878707886
0.06752508878707886
0.06752508878707886
0.06752508878707886
0.06752508878707886
0.06752508878707886
0.06752508878707886
0.06752508878707886
0.06752508878707886
0.06752508878707886
0.06752508878707886
0.06752508878707886
0.06752508878707886
0.06752508878707886
0.06752508878707886
0.06752508878707886
0.06752508878707886
0.06752508878707886
0.06752508878707886
0.06752508878707886
0.06752508878707886
0.06752508878707886
0.06752508878707886
0.06752508878707886
0.06752508878707886
0.06752508878707886
0.06752508878707886
0.06752508878707886
0.06752508878707886
0.06752508878707886
0.06752508878707886
0.06752508878707886
0.06752508878707886
0.06752508878707886
0.06752508878707886
0.06752508878707886
0.06752508878707886
0.06752508878707886
0.06752508878707886
0.06752508878707886
0.06752508878707886
0.06752508878707886
0.06752508878707886
0.06752508878707886
0.06752508878707886
0.06752508878707886
0.06752508878707886
0.06752508878707886
0.06752508878707886
0.06752508878707886
0.06752508878707886
0.06752508878707886
0.06752508878707886
0.06752508878707886
0.06752508878707886
0.06752508878707886
0.06752508878707886
0.06752508878707886
0.06752508878707886
0.06752508878707886
0.06752508878707886
0.06752508878707886
0.06752508878707886
0.06752508878707886
0.06752508878707886
0.07164418697357178
0.07164418697357178
0.07164418697357178
0.07164418697357178
0.07164418697357178
0.07164418697357178
0.07164418697357178
0.07164418697357178
0.07164418697357178
0.07164418697357178
0.07164418697357178
0.07164418697357178
0.07164418697357178
0.07164418697357178
0.07164418697357178
0.07164418697357178
0.07164418697357178
0.07164418697357178
0.07164418697357178
0.07164418697357178
0.07164418697357178
0.07164418697357178
0.07164418697357178
0.09541946649551392
0.09541946649551392
0.09541946649551392
0.09541946649551392
0.09541946649551392
0.09541946649551392
0.09541946649551392
0.09541946649551392
0.09541946649551392
0.09541946649551392
0.09541946649551392
0.09541946649551392
0.09541946649551392
0.09541946649551392
0.09541946649551392
0.09541946649551392
0.09541946649551392
0.09541946649551392
0.09541946649551392
0.09541946649551392
0.09541946649551392
0.09541946649551392
0.09541946649551392
0.09541946649551392
0.09541946649551392
0.09541946649551392
0.09541946649551392
0.09541946649551392
0.09541946649551392
0.09541946649551392
0.09541946649551392
0.09541946649551392
0.09541946649551392
0.09541946649551392
0.09541946649551392
0.09541946649551392
0.09541946649551392
0.09541946649551392
0.09541946649551392
0.09541946649551392
0.09541946649551392
0.09541946649551392
0.09541946649551392
0.09541946649551392
0.09541946649551392
0.09541946649551392
0.09541946649551392
0.09541946649551392
0.09541946649551392
0.09541946649551392
0.09541946649551392
0.09541946649551392
0.09541946649551392
0.09541946649551392
0.09541946649551392
0.09541946649551392
0.09541946649551392
0.09541946649551392
0.09541946649551392
0.09541946649551392
0.09541946649551392
0.09541946649551392
0.09541946649551392
0.09541946649551392
0.09541946649551392
0.09541946649551392
0.09541946649551392
0.09541946649551392
0.09541946649551392
0.09541946649551392
0.09541946649551392
0.09541946649551392
0.09541946649551392
0.09541946649551392
0.09541946649551392
0.09541946649551392
0.09541946649551392
0.09541946649551392
0.09541946649551392
0.09541946649551392
0.09541946649551392
0.09541946649551392
0.09541946649551392
0.09541946649551392
0.09541946649551392
0.09541946649551392
0.09541946649551392
0.09541946649551392
0.09541946649551392
0.09541946649551392
0.09541946649551392
0.09541946649551392
0.09541946649551392
0.09541946649551392
0.09541946649551392
0.09541946649551392
0.09541946649551392
0.09541946649551392
0.09541946649551392
0.09541946649551392
0.09541946649551392
0.09541946649551392
0.09541946649551392
0.09541946649551392
0.09541946649551392
0.09541946649551392
0.09541946649551392
0.09541946649551392
0.09541946649551392
0.09541946649551392
0.09541946649551392
0.09541946649551392
0.09541946649551392
0.09541946649551392
0.09541946649551392
0.09665602445602417
0.09665602445602417
0.09665602445602417
0.09665602445602417
0.09665602445602417
0.09665602445602417
0.09665602445602417
0.09665602445602417
0.09665602445602417
0.09665602445602417
0.09665602445602417
0.09665602445602417
0.09665602445602417
0.09665602445602417
0.09665602445602417
0.09665602445602417
0.09665602445602417
0.09665602445602417
0.09665602445602417
0.09665602445602417
0.09665602445602417
0.09665602445602417
0.09665602445602417
0.09665602445602417
0.0996275246143341
0.0996275246143341
0.0996275246143341
0.0996275246143341
0.0996275246143341
0.0996275246143341
0.0996275246143341
0.0996275246143341
0.0996275246143341
0.0996275246143341
0.0996275246143341
0.0996275246143341
0.0996275246143341
0.0996275246143341
0.0996275246143341
0.0996275246143341
0.0996275246143341
0.0996275246143341
0.0996275246143341
0.0996275246143341
0.0996275246143341
0.0996275246143341
0.0996275246143341
0.0996275246143341
0.0996275246143341
0.0996275246143341
0.0996275246143341
0.0996275246143341
0.0996275246143341
0.0996275246143341
0.0996275246143341
0.0996275246143341
0.0996275246143341
0.0996275246143341
0.0996275246143341
0.0996275246143341
0.0996275246143341
0.0996275246143341
0.0996275246143341
0.0996275246143341
0.0996275246143341
0.0996275246143341
0.0996275246143341
0.0996275246143341
0.0996275246143341
0.0996275246143341
0.0996275246143341
0.0996275246143341
0.0996275246143341
0.0996275246143341
0.0996275246143341
0.0996275246143341
0.0996275246143341
0.0996275246143341
0.0996275246143341
0.0996275246143341
0.10025155544281006
0.10025155544281006
0.10025155544281006
0.10025155544281006
0.10025155544281006
0.10025155544281006
0.10025155544281006
0.10025155544281006
0.10025155544281006
0.10025155544281006
0.10025155544281006
0.10025155544281006
0.10025155544281006
0.10025155544281006
0.10025155544281006
0.10025155544281006
0.10025155544281006
0.10025155544281006
0.10025155544281006
0.10025155544281006
0.10025155544281006
0.10025155544281006
0.10025155544281006
0.10025155544281006
0.10025155544281006
0.10025155544281006
0.10025155544281006
0.10025155544281006
0.10025155544281006
0.10025155544281006
0.10025155544281006
0.10025155544281006
0.10025155544281006
0.10025155544281006
0.10025155544281006
0.10025155544281006
0.10025155544281006
0.10025155544281006
0.10025155544281006
0.10025155544281006
0.10025155544281006
0.10025155544281006
0.10025155544281006
0.10025155544281006
0.10025155544281006
0.10025155544281006
0.10025155544281006
0.10025155544281006
0.10025155544281006
0.10025155544281006
0.10168993473052979
0.10168993473052979
0.10168993473052979
0.10168993473052979
0.10168993473052979
0.10168993473052979
0.10982228815555573
0.10982228815555573
0.10982228815555573
0.10982228815555573
0.10982228815555573
0.10982228815555573
0.10982228815555573
0.10982228815555573
0.10982228815555573
0.10982228815555573
0.10982228815555573
0.11004653573036194
0.11004653573036194
0.11004653573036194
0.11004653573036194
0.11004653573036194
0.11004653573036194
0.11004653573036194
0.11004653573036194
0.11004653573036194
0.11004653573036194
0.11004653573036194
0.11004653573036194
0.1264944076538086
0.1264944076538086
0.1264944076538086
0.1264944076538086
0.1264944076538086
0.1264944076538086
0.1264944076538086
0.1264944076538086
0.1264944076538086
0.1264944076538086
0.1264944076538086
0.1264944076538086
0.1264944076538086
0.1264944076538086
0.1264944076538086
0.1264944076538086
0.1264944076538086
0.1264944076538086
0.1264944076538086
0.1264944076538086
0.1264944076538086
0.1264944076538086
0.1264944076538086
0.1264944076538086
0.1264944076538086
0.1264944076538086
0.1264944076538086
0.1264944076538086
0.1264944076538086
0.1264944076538086
0.1264944076538086
0.1264944076538086
0.1264944076538086
0.1264944076538086
0.1264944076538086
0.1264944076538086
0.1264944076538086
0.1264944076538086
0.1264944076538086
0.1264944076538086
0.1264944076538086
0.1264944076538086
0.1264944076538086
0.1264944076538086
0.1264944076538086
0.1264944076538086
0.1264944076538086
0.13607049360871315
0.13607049360871315
0.13607049360871315
0.13607049360871315
0.13607049360871315
0.13607049360871315
0.13607049360871315
0.13607049360871315
0.13607049360871315
0.13607049360871315
0.13607049360871315
0.13607049360871315
0.13607049360871315
0.13607049360871315
0.13607049360871315
0.13607049360871315
0.13607049360871315
0.13607049360871315
0.13607049360871315
0.13607049360871315
0.13607049360871315
0.13607049360871315
0.13607049360871315
0.13607049360871315
0.13607049360871315
0.13607049360871315
0.13607049360871315
0.13607049360871315
0.13607049360871315
0.13607049360871315
0.13607049360871315
0.13607049360871315
0.13607049360871315
0.13607049360871315
0.13607049360871315
0.13607049360871315
0.13607049360871315
0.13607049360871315
0.13607049360871315
0.13607049360871315
0.13607049360871315
0.13607049360871315
0.13607049360871315
0.13607049360871315
0.13607049360871315
0.1509118638932705
0.1509118638932705
0.1509118638932705
0.1509118638932705
0.1509118638932705
0.1509118638932705
0.1509118638932705
0.1509118638932705
0.1509118638932705
0.1509118638932705
0.1509118638932705
0.1509118638932705
0.1509118638932705
0.1509118638932705
0.1509118638932705
0.1509118638932705
0.1509118638932705
0.1509118638932705
0.1509118638932705
0.1509118638932705
0.16188085079193115
0.16188085079193115
0.16188085079193115
0.16188085079193115
0.16188085079193115
0.16188085079193115
0.16188085079193115
0.16188085079193115
0.16188085079193115
0.16188085079193115
0.16188085079193115
0.16188085079193115
0.16188085079193115
0.16188085079193115
0.16188085079193115
0.16188085079193115
0.16188085079193115
0.16188085079193115
0.16188085079193115
0.16188085079193115
0.16188085079193115
0.16188085079193115
0.16188085079193115
0.16188085079193115
0.16188085079193115
0.16188085079193115
0.16188085079193115
0.16188085079193115
0.16188085079193115
0.16188085079193115
0.16188085079193115
0.16188085079193115
0.16188085079193115
0.16188085079193115
0.16188085079193115
0.16188085079193115
0.16188085079193115
0.16188085079193115
0.16188085079193115
0.16188085079193115
0.16188085079193115
0.16188085079193115
0.16188085079193115
0.16188085079193115
0.16188085079193115
0.16188085079193115
0.16188085079193115
0.16188085079193115
0.16188085079193115
0.16188085079193115
0.16188085079193115
0.16188085079193115
0.16188085079193115
0.16188085079193115
0.16188085079193115
0.16188085079193115
0.16188085079193115
0.16188085079193115
0.16188085079193115
0.16188085079193115
0.16188085079193115
0.16188085079193115
0.16188085079193115
0.16188085079193115
0.16188085079193115
0.16188085079193115
0.16188085079193115
0.16188085079193115
0.16188085079193115
0.16188085079193115
0.16188085079193115
0.16188085079193115
0.16188085079193115
0.16188085079193115
0.16188085079193115
0.16188085079193115
0.16188085079193115
0.16188085079193115
0.16188085079193115
0.16188085079193115
0.16188085079193115
0.16188085079193115
0.16188085079193115
0.16188085079193115
0.16188085079193115
0.16188085079193115
0.1703939437866211
0.1703939437866211
0.1703939437866211
0.1703939437866211
0.1703939437866211
0.1703939437866211
0.1703939437866211
0.1703939437866211
0.1703939437866211
0.1703939437866211
0.1703939437866211
0.1703939437866211
0.1703939437866211
0.1703939437866211
0.1703939437866211
0.1703939437866211
0.1703939437866211
0.1703939437866211
0.1703939437866211
0.1703939437866211
0.1703939437866211
0.1703939437866211
0.1703939437866211
0.1703939437866211
0.1703939437866211
0.1703939437866211
0.1703939437866211
0.1703939437866211
0.1703939437866211
0.1703939437866211
0.1703939437866211
0.1703939437866211
0.1703939437866211
0.1703939437866211
0.1703939437866211
0.1703939437866211
0.1703939437866211
0.1703939437866211
0.1703939437866211
0.1703939437866211
0.1703939437866211
0.1703939437866211
0.1703939437866211
0.1703939437866211
0.1703939437866211
0.1703939437866211
0.1703939437866211
0.1703939437866211
0.1703939437866211
0.1703939437866211
0.1703939437866211
0.1703939437866211
0.1703939437866211
0.1703939437866211
0.1703939437866211
0.1703939437866211
0.1703939437866211
0.1703939437866211
0.1703939437866211
0.1703939437866211
0.1703939437866211
0.1703939437866211
0.1703939437866211
0.1703939437866211
0.1703939437866211
0.1703939437866211
0.1703939437866211
0.1703939437866211
0.1703939437866211
0.1703939437866211
0.1703939437866211
0.1703939437866211
0.1703939437866211
0.1703939437866211
0.1703939437866211
0.1703939437866211
0.1703939437866211
0.1727219820022583
0.1727219820022583
0.1727219820022583
0.1727219820022583
0.17736315727233887
0.17736315727233887
0.17736315727233887
0.17736315727233887
0.17736315727233887
0.17736315727233887
0.17736315727233887
0.17736315727233887
0.17736315727233887
0.17736315727233887
0.17736315727233887
0.17736315727233887
0.17736315727233887
0.17736315727233887
0.17736315727233887
0.17736315727233887
0.17736315727233887
0.17736315727233887
0.17929816246032715
0.17929816246032715
0.17929816246032715
0.17929816246032715
0.17929816246032715
0.17929816246032715
0.17929816246032715
0.17929816246032715
0.17929816246032715
0.17929816246032715
0.17929816246032715
0.17929816246032715
0.17929816246032715
0.17929816246032715
0.17929816246032715
0.17929816246032715
0.17929816246032715
0.17929816246032715
0.17929816246032715
0.17929816246032715
0.1793212927877903
0.1793212927877903
0.1793212927877903
0.1793212927877903
0.1793212927877903
0.1793212927877903
0.1793212927877903
0.1793212927877903
0.1793212927877903
0.1793212927877903
0.1793212927877903
0.19418656826019287
0.19418656826019287
0.19418656826019287
0.19418656826019287
0.19418656826019287
0.19418656826019287
0.19418656826019287
0.19418656826019287
0.19418656826019287
0.19418656826019287
0.19418656826019287
0.19418656826019287
0.19418656826019287
0.19418656826019287
0.19418656826019287
0.19418656826019287
0.19418656826019287
0.20998919010162354
0.20998919010162354
0.20998919010162354
0.20998919010162354
0.20998919010162354
0.20998919010162354
0.20998919010162354
0.20998919010162354
0.20998919010162354
0.20998919010162354
0.20998919010162354
0.20998919010162354
0.20998919010162354
0.20998919010162354
0.20998919010162354
0.20998919010162354
0.20998919010162354
0.20998919010162354
0.20998919010162354
0.20998919010162354
0.20998919010162354
0.20998919010162354
0.20998919010162354
0.20998919010162354
0.20998919010162354
0.20998919010162354
0.20998919010162354
0.20998919010162354
0.20998919010162354
0.20998919010162354
0.20998919010162354
0.20998919010162354
0.20998919010162354
0.20998919010162354
0.20998919010162354
0.21244177222251892
0.21244177222251892
0.21244177222251892
0.21244177222251892
0.21244177222251892
0.21244177222251892
0.21244177222251892
0.21244177222251892
0.21244177222251892
0.21244177222251892
0.21244177222251892
0.21244177222251892
0.21244177222251892
0.21244177222251892
0.21244177222251892
0.21244177222251892
0.21244177222251892
0.21244177222251892
0.22383281588554382
0.22383281588554382
0.22383281588554382
0.22383281588554382
0.22383281588554382
0.22383281588554382
0.22383281588554382
0.22383281588554382
0.22383281588554382
0.22383281588554382
0.22383281588554382
0.22383281588554382
0.22383281588554382
0.22383281588554382
0.22383281588554382
0.22383281588554382
0.22383281588554382
0.22383281588554382
0.22383281588554382
0.22383281588554382
0.22383281588554382
0.22383281588554382
0.22383281588554382
0.22383281588554382
0.22383281588554382
0.22383281588554382
0.22383281588554382
0.22383281588554382
0.22383281588554382
0.22383281588554382
0.22383281588554382
0.22383281588554382
0.22383281588554382
0.22383281588554382
0.22383281588554382
0.22383281588554382
0.22383281588554382
0.22383281588554382
0.22383281588554382
0.22383281588554382
0.22383281588554382
0.22383281588554382
0.22383281588554382
0.22383281588554382
0.22383281588554382
0.22383281588554382
0.22383281588554382
0.22383281588554382
0.22383281588554382
0.22383281588554382
0.22383281588554382
0.22383281588554382
0.22383281588554382
0.22383281588554382
0.22383281588554382
0.22383281588554382
0.22383281588554382
0.22383281588554382
0.22383281588554382
0.22383281588554382
0.22383281588554382
0.22383281588554382
0.22383281588554382
0.22383281588554382
0.22383281588554382
0.22383281588554382
0.22383281588554382
0.22383281588554382
0.22383281588554382
0.22383281588554382
0.22383281588554382
0.22383281588554382
0.22383281588554382
0.22383281588554382
0.22383281588554382
0.22383281588554382
0.22383281588554382
0.22383281588554382
0.22383281588554382
0.22383281588554382
0.22383281588554382
0.22383281588554382
0.22383281588554382
0.22383281588554382
0.22383281588554382
0.22383281588554382
0.22383281588554382
0.22383281588554382
0.22383281588554382
0.22383281588554382
0.22383281588554382
0.22383281588554382
0.22383281588554382
0.22383281588554382
0.22383281588554382
0.22383281588554382
0.22383281588554382
0.22383281588554382
0.22383281588554382
0.22383281588554382
0.22383281588554382
0.22383281588554382
0.22383281588554382
0.22383281588554382
0.22383281588554382
0.22383281588554382
0.22383281588554382
0.22383281588554382
0.22383281588554382
0.22383281588554382
0.22383281588554382
0.22383281588554382
0.22383281588554382
0.22383281588554382
0.22383281588554382
0.22383281588554382
0.22383281588554382
0.22383281588554382
0.22383281588554382
0.22383281588554382
0.22383281588554382
0.22383281588554382
0.23249295353889465
0.23249295353889465
0.23249295353889465
0.23249295353889465
0.23249295353889465
0.23249295353889465
0.23249295353889465
0.23249295353889465
0.23249295353889465
0.23249295353889465
0.23249295353889465
0.23249295353889465
0.23249295353889465
0.23249295353889465
0.23249295353889465
0.23249295353889465
0.23249295353889465
0.23249295353889465
0.23249295353889465
0.23249295353889465
0.23249295353889465
0.23249295353889465
0.23249295353889465
0.23249295353889465
0.23249295353889465
0.23249295353889465
0.23856038227677345
0.23856038227677345
0.23856038227677345
0.23856038227677345
0.23856038227677345
0.23856038227677345
0.23856038227677345
0.23856038227677345
0.23856038227677345
0.23856038227677345
0.23856038227677345
0.23856038227677345
0.23856038227677345
0.23856038227677345
0.23856038227677345
0.23856038227677345
0.23856038227677345
0.23856038227677345
0.23856038227677345
0.23856038227677345
0.23856038227677345
0.23856038227677345
0.23856038227677345
0.23856038227677345
0.23856038227677345
0.23856038227677345
0.23856038227677345
0.23856038227677345
0.23856038227677345
0.23856038227677345
0.23856038227677345
0.23856038227677345
0.23856038227677345
0.23856038227677345
0.23856038227677345
0.23856038227677345
0.23856038227677345
0.23856038227677345
0.2446034550666809
0.2446034550666809
0.2446034550666809
0.2446034550666809
0.2446034550666809
0.2446034550666809
0.2446034550666809
0.2446034550666809
0.2446034550666809
0.2446034550666809
0.2446034550666809
0.24978852272033691
0.24978852272033691
0.24978852272033691
0.25480327010154724
0.25480327010154724
0.25480327010154724
0.25480327010154724
0.25480327010154724
0.25480327010154724
0.25480327010154724
0.25480327010154724
0.25480327010154724
0.25480327010154724
0.25480327010154724
0.25480327010154724
0.25480327010154724
0.25480327010154724
0.25480327010154724
0.25480327010154724
0.25480327010154724
0.25480327010154724
0.25480327010154724
0.25480327010154724
0.25480327010154724
0.25480327010154724
0.25480327010154724
0.25480327010154724
0.25480327010154724
0.25480327010154724
0.25480327010154724
0.25480327010154724
0.25480327010154724
0.25480327010154724
0.25480327010154724
0.25480327010154724
0.25480327010154724
0.25480327010154724
0.25480327010154724
0.25480327010154724
0.25480327010154724
0.25480327010154724
0.25480327010154724
0.25480327010154724
0.25480327010154724
0.25480327010154724
0.25480327010154724
0.25480327010154724
0.25480327010154724
0.25480327010154724
0.25686854496598244
0.25686854496598244
0.25686854496598244
0.25686854496598244
0.25686854496598244
0.25686854496598244
0.25686854496598244
0.25686854496598244
0.25686854496598244
0.25686854496598244
0.25686854496598244
0.25686854496598244
0.25686854496598244
0.28107455372810364
0.28107455372810364
0.28107455372810364
0.28107455372810364
0.28107455372810364
0.28107455372810364
0.28107455372810364
0.28107455372810364
0.28107455372810364
0.28107455372810364
0.28107455372810364
0.28107455372810364
0.28107455372810364
0.28107455372810364
0.28107455372810364
0.28107455372810364
0.28107455372810364
0.28107455372810364
0.28107455372810364
0.28107455372810364
0.28107455372810364
0.28107455372810364
0.28107455372810364
0.28107455372810364
0.28107455372810364
0.28107455372810364
0.28107455372810364
0.28107455372810364
0.28107455372810364
0.28107455372810364
0.28107455372810364
0.28107455372810364
0.28107455372810364
0.28107455372810364
0.28107455372810364
0.28107455372810364
0.28107455372810364
0.28107455372810364
0.28107455372810364
0.28107455372810364
0.28107455372810364
0.28107455372810364
0.28107455372810364
0.28107455372810364
0.28107455372810364
0.28107455372810364
0.28107455372810364
0.28107455372810364
0.28107455372810364
0.28107455372810364
0.28107455372810364
0.28107455372810364
0.28107455372810364
0.28107455372810364
0.28107455372810364
0.28107455372810364
0.28107455372810364
0.28107455372810364
0.28107455372810364
0.28107455372810364
0.28107455372810364
0.28107455372810364
0.28107455372810364
0.28107455372810364
0.28107455372810364
0.28107455372810364
0.28107455372810364
0.28107455372810364
0.28107455372810364
0.28107455372810364
0.28107455372810364
0.28107455372810364
0.28107455372810364
0.28107455372810364
0.28107455372810364
0.28107455372810364
0.28107455372810364
0.28107455372810364
0.28107455372810364
0.28107455372810364
0.28107455372810364
0.28107455372810364
0.28107455372810364
0.28107455372810364
0.28107455372810364
0.28107455372810364
0.28107455372810364
0.2840917145367712
0.2840917145367712
0.2840917145367712
0.2840917145367712
0.2840917145367712
0.2840917145367712
0.2840917145367712
0.2840917145367712
0.2840917145367712
0.284537672996521
0.28656327724456787
0.28656327724456787
0.28656327724456787
0.28656327724456787
0.28656327724456787
0.28656327724456787
0.28656327724456787
0.28656327724456787
0.28656327724456787
0.28656327724456787
0.28656327724456787
0.28656327724456787
0.28656327724456787
0.28656327724456787
0.28656327724456787
0.28656327724456787
0.28656327724456787
0.28960421308875084
0.28960421308875084
0.28960421308875084
0.28960421308875084
0.28960421308875084
0.28960421308875084
0.28960421308875084
0.2946050763130188
0.2946050763130188
0.2946050763130188
0.2946050763130188
0.2946050763130188
0.2946050763130188
0.2946050763130188
0.2946050763130188
0.2946050763130188
0.2946050763130188
0.2946050763130188
0.2946050763130188
0.2946050763130188
0.2946050763130188
0.2946050763130188
0.2946050763130188
0.2946050763130188
0.2946050763130188
0.2946050763130188
0.2946050763130188
0.2946050763130188
0.2946050763130188
0.2946050763130188
0.32028529047966003
0.32028529047966003
0.32028529047966003
0.32028529047966003
0.32028529047966003
0.32028529047966003
0.32028529047966003
0.32028529047966003
0.32028529047966003
0.32028529047966003
0.32028529047966003
0.3264468312263489
0.3264468312263489
0.3264468312263489
0.3264468312263489
0.3264468312263489
0.3264468312263489
0.3264468312263489
0.3264468312263489
0.3264468312263489
0.3264468312263489
0.3264468312263489
0.3264468312263489
0.3264468312263489
0.3264468312263489
0.3264468312263489
0.3264468312263489
0.3264468312263489
0.3264468312263489
0.3264468312263489
0.3264468312263489
0.3264468312263489
0.3264468312263489
0.3264468312263489
0.3264468312263489
0.3264468312263489
0.3264468312263489
0.3264468312263489
0.3264468312263489
0.3264468312263489
0.3264468312263489
0.3264468312263489
0.3264468312263489
0.3264468312263489
0.3264468312263489
0.3264468312263489
0.3264468312263489
0.3264468312263489
0.32860055565834045
0.32860055565834045
0.32860055565834045
0.32860055565834045
0.32860055565834045
0.32860055565834045
0.32860055565834045
0.32860055565834045
0.32860055565834045
0.32860055565834045
0.32860055565834045
0.32860055565834045
0.32860055565834045
0.32860055565834045
0.32860055565834045
0.32860055565834045
0.32860055565834045
0.3319225572049618
0.3319225572049618
0.3319225572049618
0.33696532249450684
0.33696532249450684
0.339203417301178
0.339203417301178
0.339203417301178
0.339203417301178
0.339203417301178
0.339203417301178
0.339203417301178
0.339203417301178
0.3445625342428684
0.3445625342428684
0.34670573472976685
0.34670573472976685
0.34670573472976685
0.34670573472976685
0.34670573472976685
0.34670573472976685
0.34670573472976685
0.34670573472976685
0.34670573472976685
0.34670573472976685
0.34670573472976685
0.34670573472976685
0.34670573472976685
0.34670573472976685
0.34670573472976685
0.34670573472976685
0.34670573472976685
0.34670573472976685
0.34670573472976685
0.34670573472976685
0.34670573472976685
0.34670573472976685
0.34670573472976685
0.34670573472976685
0.34670573472976685
0.34670573472976685
0.34670573472976685
0.34670573472976685
0.34670573472976685
0.34670573472976685
0.34670573472976685
0.34670573472976685
0.34670573472976685
0.34670573472976685
0.34670573472976685
0.34670573472976685
0.34670573472976685
0.34670573472976685
0.34670573472976685
0.3475975729525089
0.3475975729525089
0.3475975729525089
0.3475975729525089
0.3475975729525089
0.3475975729525089
0.3629094362258911
0.3629094362258911
0.3629094362258911
0.3629094362258911
0.3629094362258911
0.3629094362258911
0.3629094362258911
0.3629094362258911
0.3629094362258911
0.3629094362258911
0.3629094362258911
0.3629094362258911
0.3629094362258911
0.3629094362258911
0.3629094362258911
0.3629094362258911
0.3629094362258911
0.3629094362258911
0.3629094362258911
0.3629094362258911
0.3629094362258911
0.3629094362258911
0.3629094362258911
0.3629094362258911
0.3629094362258911
0.3629094362258911
0.3629094362258911
0.3629094362258911
0.3629094362258911
0.3629094362258911
0.3629094362258911
0.3629094362258911
0.3629094362258911
0.3629094362258911
0.3629094362258911
0.3629094362258911
0.3629094362258911
0.3629094362258911
0.3629094362258911
0.3629094362258911
0.3629094362258911
0.3629094362258911
0.3629094362258911
0.3629094362258911
0.3629094362258911
0.3629094362258911
0.3629094362258911
0.3629094362258911
0.3629094362258911
0.3629094362258911
0.3629094362258911
0.3629094362258911
0.3780358135700226
0.3780358135700226
0.3780358135700226
0.3780358135700226
0.3780358135700226
0.3780358135700226
0.3780358135700226
0.3780358135700226
0.3780358135700226
0.3780358135700226
0.3780358135700226
0.3780358135700226
0.3780358135700226
0.3780358135700226
0.3780358135700226
0.3780358135700226
0.3780358135700226
0.3780358135700226
0.3780358135700226
0.3780358135700226
0.3780358135700226
0.3780358135700226
0.3780358135700226
0.3780358135700226
0.3780358135700226
0.3780358135700226
0.3780358135700226
0.3780358135700226
0.3780358135700226
0.3780358135700226
0.3780358135700226
0.3780358135700226
0.3780358135700226
0.3780358135700226
0.3780358135700226
0.3780358135700226
0.3861646056175232
0.3861646056175232
0.3861646056175232
0.3861646056175232
0.3861646056175232
0.3861646056175232
0.3861646056175232
0.38900914788246155
0.38900914788246155
0.38900914788246155
0.38900914788246155
0.38900914788246155
0.38900914788246155
0.38900914788246155
0.38900914788246155
0.38900914788246155
0.38900914788246155
0.38900914788246155
0.38900914788246155
0.38900914788246155
0.38900914788246155
0.38900914788246155
0.38900914788246155
0.38900914788246155
0.38900914788246155
0.38900914788246155
0.38900914788246155
0.38900914788246155
0.38900914788246155
0.38900914788246155
0.38900914788246155
0.38900914788246155
0.38900914788246155
0.38900914788246155
0.38900914788246155
0.38900914788246155
0.38900914788246155
0.38900914788246155
0.38900914788246155
0.38900914788246155
0.38900914788246155
0.38900914788246155
0.38900914788246155
0.38900914788246155
0.38900914788246155
0.38900914788246155
0.38900914788246155
0.38900914788246155
0.38900914788246155
0.3925691246986389
0.3925691246986389
0.3925691246986389
0.3925691246986389
0.4196743965148926
0.4196743965148926
0.4196743965148926
0.4196743965148926
0.4196743965148926
0.4196743965148926
0.4196743965148926
0.4196743965148926
0.4196743965148926
0.4196743965148926
0.4196743965148926
0.4196743965148926
0.4196743965148926
0.4196743965148926
0.4196743965148926
0.4196743965148926
0.4196743965148926
0.4196743965148926
0.4196743965148926
0.4196743965148926
0.4196743965148926
0.4196743965148926
0.4196743965148926
0.4196743965148926
0.4196743965148926
0.4196743965148926
0.4196743965148926
0.4196743965148926
0.4196743965148926
0.4196743965148926
0.4196743965148926
0.4196743965148926
0.4196743965148926
0.4196743965148926
0.4196743965148926
0.4196743965148926
0.4196743965148926
0.4196743965148926
0.4196743965148926
0.4196743965148926
0.4196743965148926
0.4196743965148926
0.4196743965148926
0.4196743965148926
0.4196743965148926
0.4196743965148926
0.4196743965148926
0.4196743965148926
0.4196743965148926
0.4196743965148926
0.4196743965148926
0.4196743965148926
0.4196743965148926
0.4196743965148926
0.4196743965148926
0.4196743965148926
0.4196743965148926
0.4196743965148926
0.4196743965148926
0.4196743965148926
0.4196743965148926
0.4196743965148926
0.4196743965148926
0.4196743965148926
0.4196743965148926
0.4196743965148926
0.4196743965148926
0.4196743965148926
0.42136621475219727
0.42136621475219727
0.4298594631254673
0.4298594631254673
0.4298594631254673
0.4298594631254673
0.4298594631254673
0.4298594631254673
0.4298594631254673
0.43719321489334106
0.43719321489334106
0.43719321489334106
0.43719321489334106
0.43719321489334106
0.43719321489334106
0.43719321489334106
0.43719321489334106
0.43719321489334106
0.43719321489334106
0.43719321489334106
0.43719321489334106
0.4469912648200989
0.4469912648200989
0.4469912648200989
0.4469912648200989
0.4469912648200989
0.4469912648200989
0.4469912648200989
0.4469912648200989
0.4469912648200989
0.4469912648200989
0.4469912648200989
0.4469912648200989
0.4469912648200989
0.4469912648200989
0.4469912648200989
0.4469912648200989
0.4469912648200989
0.45538288727402687
0.45538288727402687
0.45538288727402687
0.45538288727402687
0.45538288727402687
0.45538288727402687
0.45538288727402687
0.45538288727402687
0.45538288727402687
0.45538288727402687
0.45538288727402687
0.45538288727402687
0.45538288727402687
0.45538288727402687
0.45538288727402687
0.45538288727402687
0.45538288727402687
0.45538288727402687
0.45538288727402687
0.45538288727402687
0.45538288727402687
0.45538288727402687
0.45538288727402687
0.45538288727402687
0.45538288727402687
0.45538288727402687
0.45538288727402687
0.45538288727402687
0.45538288727402687
0.45538288727402687
0.45538288727402687
0.45538288727402687
0.45538288727402687
0.45538288727402687
0.45538288727402687
0.4572240114212036
0.4572240114212036
0.4572240114212036
0.46295493841171265
0.46295493841171265
0.46295493841171265
0.46295493841171265
0.46295493841171265
0.46295493841171265
0.46295493841171265
0.46295493841171265
0.46295493841171265
0.46295493841171265
0.46295493841171265
0.46295493841171265
0.46295493841171265
0.46295493841171265
0.46295493841171265
0.463950727134943
0.46623528003692627
0.46623528003692627
0.46623528003692627
0.46623528003692627
0.46623528003692627
0.46623528003692627
0.46623528003692627
0.46623528003692627
0.46623528003692627
0.46623528003692627
0.46623528003692627
0.46623528003692627
0.46623528003692627
0.46623528003692627
0.46623528003692627
0.46623528003692627
0.46623528003692627
0.46623528003692627
0.46623528003692627
0.46623528003692627
0.46623528003692627
0.46623528003692627
0.46623528003692627
0.46623528003692627
0.46623528003692627
0.47370338439941406
0.47370338439941406
0.47370338439941406
0.47370338439941406
0.47370338439941406
0.47370338439941406
0.47370338439941406
0.47370338439941406
0.47370338439941406
0.4738686978816986
0.4738686978816986
0.47449183836579323
0.4913751482963562
0.4913751482963562
0.4913751482963562
0.4913751482963562
0.4913751482963562
0.4913751482963562
0.4913751482963562
0.4913751482963562
0.4913751482963562
0.4913751482963562
0.4913751482963562
0.4913751482963562
0.4913751482963562
0.4913751482963562
0.4913751482963562
0.4913751482963562
0.49454089999198914
0.49454089999198914
0.49454089999198914
0.49454089999198914
0.49694204702973366
0.49694204702973366
0.49694204702973366
0.49694204702973366
0.49694204702973366
0.49694204702973366
0.49694204702973366
0.49694204702973366
0.49694204702973366
0.49694204702973366
0.49694204702973366
0.49694204702973366
0.49694204702973366
0.49694204702973366
0.4972829520702362
0.4972829520702362
0.4972829520702362
0.4972829520702362
0.4972829520702362
0.4972829520702362
0.5035510659217834
0.5035510659217834
0.5035510659217834
0.5035510659217834
0.5035510659217834
0.5035510659217834
0.5035510659217834
0.5035510659217834
0.5035510659217834
0.5035510659217834
0.5035510659217834
0.5035510659217834
0.5035510659217834
0.5035510659217834
0.5035510659217834
0.5089269876480103
0.5135498978197575
0.5135498978197575
0.5135498978197575
0.5135498978197575
0.5135498978197575
0.5135498978197575
0.5135498978197575
0.5135498978197575
0.5135498978197575
0.5155234597623348
0.5155234597623348
0.5155234597623348
0.5155234597623348
0.5155234597623348
0.5155234597623348
0.5155234597623348
0.5155234597623348
0.5179885029792786
0.5184144377708435
0.5184144377708435
0.5184144377708435
0.5184144377708435
0.5184144377708435
0.5231944024562836
0.527338296175003
0.527338296175003
0.527338296175003
0.527338296175003
0.527338296175003
0.527338296175003
0.527338296175003
0.527338296175003
0.527338296175003
0.527338296175003
0.527338296175003
0.527338296175003
0.527338296175003
0.5332801938056946
0.5332801938056946
0.5332801938056946
0.5332801938056946
0.5332801938056946
0.5332801938056946
0.5332801938056946
0.5332801938056946
0.5337434411048889
0.5337434411048889
0.5387637913227081
0.5387637913227081
0.5387637913227081
0.5387637913227081
0.5387637913227081
0.5387637913227081
0.5387637913227081
0.5387637913227081
0.5471730828285217
0.5471730828285217
0.5471730828285217
0.5471730828285217
0.5471730828285217
0.5471730828285217
0.5471730828285217
0.5471730828285217
0.5471730828285217
0.5471730828285217
0.5471730828285217
0.5471730828285217
0.5556375943124294
0.5556375943124294
0.5556375943124294
0.5556375943124294
0.5556375943124294
0.5556375943124294
0.5556375943124294
0.5556375943124294
0.5556375943124294
0.5556375943124294
0.5556375943124294
0.5556375943124294
0.5556375943124294
0.5556375943124294
0.5556375943124294
0.5556375943124294
0.5556375943124294
0.5556375943124294
0.5556375943124294
0.5556375943124294
0.5556375943124294
0.5558724999427795
0.5558724999427795
0.5558724999427795
0.5558724999427795
0.5558724999427795
0.5558724999427795
0.5558724999427795
0.5558724999427795
0.5558724999427795
0.5558724999427795
0.5558724999427795
0.5558724999427795
0.5558724999427795
0.5558724999427795
0.5558724999427795
0.5570914708077908
0.5670377053320408
0.5670377053320408
0.5864664614200592
0.5864664614200592
0.5864664614200592
0.5864664614200592
0.5864664614200592
0.5864664614200592
0.5864664614200592
0.5866011343896389
0.5866011343896389
0.5866011343896389
0.5866011343896389
0.5866011343896389
0.5866011343896389
0.5866011343896389
0.5866011343896389
0.5866011343896389
0.5866011343896389
0.5866011343896389
0.5866011343896389
0.5866011343896389
0.5866011343896389
0.5866011343896389
0.5866011343896389
0.5946701765060425
0.5946701765060425
0.5946701765060425
0.5946701765060425
0.5946701765060425
0.5946701765060425
0.5946701765060425
0.5946701765060425
0.5946701765060425
0.5946701765060425
0.5946701765060425
0.5946701765060425
0.5946701765060425
0.5946701765060425
0.5946701765060425
0.5946701765060425
0.5946701765060425
0.5946701765060425
0.5946701765060425
0.5946701765060425
0.5946701765060425
0.5946701765060425
0.5946701765060425
0.6174299120903015
0.6174299120903015
0.6174299120903015
0.6174299120903015
0.6174299120903015
0.6174299120903015
0.6174299120903015
0.6174299120903015
0.6174299120903015
0.6174299120903015
0.6174299120903015
0.6174299120903015
0.6174299120903015
0.6174299120903015
0.6174299120903015
0.6174299120903015
0.6174299120903015
0.6174299120903015
0.6174299120903015
0.6174299120903015
0.6174299120903015
0.6174299120903015
0.6174299120903015
0.6174299120903015
0.6174299120903015
0.6174299120903015
0.6174299120903015
0.6174299120903015
0.6174299120903015
0.6174299120903015
0.6174299120903015
0.6174299120903015
0.6174299120903015
0.6174299120903015
0.6174299120903015
0.6174299120903015
0.6174299120903015
0.6174299120903015
0.6174299120903015
0.6174299120903015
0.6174299120903015
0.6174299120903015
0.6174299120903015
0.6174299120903015
0.6174299120903015
0.6174299120903015
0.6174299120903015
0.6174299120903015
0.6174299120903015
0.6295379400253296
0.6295379400253296
0.6295379400253296
0.6295379400253296
0.6295379400253296
0.6295379400253296
0.6295379400253296
0.6295379400253296
0.6295379400253296
0.6295379400253296
0.6295379400253296
0.6299439668655396
0.6299439668655396
0.6299439668655396
0.6299439668655396
0.6299439668655396
0.6481955647468567
0.6481955647468567
0.6481955647468567
0.6481955647468567
0.6481955647468567
0.6481955647468567
0.6481955647468567
0.6481955647468567
0.6481955647468567
0.6481955647468567
0.6481955647468567
0.6481955647468567
0.6481955647468567
0.6481955647468567
0.6481955647468567
0.654077410697937
0.654077410697937
0.654077410697937
0.654077410697937
0.654077410697937
0.654077410697937
0.654077410697937
0.654077410697937
0.654077410697937
0.654077410697937
0.654077410697937
0.654077410697937
0.654077410697937
0.654077410697937
0.654077410697937
0.654077410697937
0.654077410697937
0.654077410697937
0.6645838022232056
0.6645838022232056
0.6645838022232056
0.6645838022232056
0.6645838022232056
0.6645838022232056
0.6645838022232056
0.6737235188484192
0.6737235188484192
0.6737235188484192
0.6737235188484192
0.6737235188484192
0.6737235188484192
0.6737235188484192
0.6737235188484192
0.6737235188484192
0.6737235188484192
0.6737235188484192
0.6737235188484192
0.673842191696167
0.673842191696167
0.673842191696167
0.673842191696167
0.673842191696167
0.673842191696167
0.673842191696167
0.673842191696167
0.673842191696167
0.673842191696167
0.6875642389059067
0.6875642389059067
0.6875642389059067
0.6875642389059067
0.6875642389059067
0.6875642389059067
0.6875642389059067
0.6875642389059067
0.6875642389059067
0.6875642389059067
0.6875642389059067
0.6875642389059067
0.6875642389059067
0.6878154575824738
0.6878154575824738
0.6878154575824738
0.6950428485870361
0.6950428485870361
0.6950428485870361
0.6950428485870361
0.7082117795944214
0.7082117795944214
0.7082117795944214
0.7082117795944214
0.7109469473361969
0.7109469473361969
0.7109469473361969
0.7109469473361969
0.7109469473361969
0.7109469473361969
0.7109469473361969
0.7109469473361969
0.7109469473361969
0.7109469473361969
0.7109469473361969
0.7109469473361969
0.7109469473361969
0.7109469473361969
0.7109469473361969
0.7109469473361969
0.7109469473361969
0.7109469473361969
0.7109469473361969
0.7109469473361969
0.7109469473361969
0.719653308391571
0.719653308391571
0.7209135852754116
0.7209135852754116
0.7209135852754116
0.7209135852754116
0.7209135852754116
0.7209135852754116
0.7209135852754116
0.721701268106699
0.7254427671432495
0.7254427671432495
0.7254427671432495
0.7254427671432495
0.7254427671432495
0.7254427671432495
0.7254427671432495
0.7254427671432495
0.7254427671432495
0.7254427671432495
0.7254427671432495
0.7254427671432495
0.7254427671432495
0.7254427671432495
0.7254427671432495
0.7254427671432495
0.74477618932724
0.74477618932724
0.74477618932724
0.74477618932724
0.74477618932724
0.74477618932724
0.7466646730899811
0.7466646730899811
0.7466646730899811
0.7466646730899811
0.7491146326065063
0.7491146326065063
0.7491146326065063
0.7491146326065063
0.7491146326065063
0.7491146326065063
0.7491146326065063
0.7534737288951874
0.7534737288951874
0.7534737288951874
0.7534737288951874
0.7534737288951874
0.7534737288951874
0.7534737288951874
0.7534737288951874
0.7534737288951874
0.7534737288951874
0.7534737288951874
0.7534737288951874
0.7636579237878323
0.7636579237878323
0.7636579237878323
0.7636579237878323
0.7636579237878323
0.7636579237878323
0.7636579237878323
0.7636579237878323
0.765358030796051
0.765358030796051
0.765358030796051
0.7719722390174866
0.7719722390174866
0.7719722390174866
0.7719722390174866
0.7719722390174866
0.7719722390174866
0.7719722390174866
0.7719722390174866
0.7719722390174866
0.7719722390174866
0.7804211974143982
0.7804211974143982
0.7804211974143982
0.7824010848999023
0.7824010848999023
0.7824010848999023
0.7824010848999023
0.7824010848999023
0.7824010848999023
0.7824010848999023
0.7824010848999023
0.7824010848999023
0.7824010848999023
0.7824010848999023
0.7824010848999023
0.7824010848999023
0.7824010848999023
0.7824010848999023
0.7824010848999023
0.7824010848999023
0.7824010848999023
0.7961193919181824
0.7961193919181824
0.7961193919181824
0.7961193919181824
0.7961193919181824
0.7961193919181824
0.7961193919181824
0.7961193919181824
0.7961193919181824
0.7961193919181824
0.7961193919181824
0.8058852553367615
0.8058852553367615
0.8058852553367615
0.8058852553367615
0.8058852553367615
0.8058852553367615
0.8058852553367615
0.8058852553367615
0.8058852553367615
0.8058852553367615
0.8058852553367615
0.8058852553367615
0.8058852553367615
0.8058852553367615
0.8058852553367615
0.8058852553367615
0.8085153698921204
0.8085153698921204
0.8085153698921204
0.8085153698921204
0.8217188119888306
0.8217188119888306
0.8217188119888306
0.8217188119888306
0.8217188119888306
0.8217188119888306
0.8217188119888306
0.8217188119888306
0.8217188119888306
0.8217188119888306
0.8217188119888306
0.8311501145362854
0.8311501145362854
0.8311501145362854
0.8311501145362854
0.8354449272155762
0.8354449272155762
0.8354449272155762
0.8354449272155762
0.8354449272155762
0.8354449272155762
0.8354449272155762
0.8354449272155762
0.8354449272155762
0.8354449272155762
0.8354449272155762
0.8354449272155762
0.8354449272155762
0.8354449272155762
0.8354449272155762
0.8354449272155762
0.8354449272155762
0.8354449272155762
0.8366352617740631
0.8366352617740631
0.847164511680603
0.847164511680603
0.847164511680603
0.847164511680603
0.847164511680603
0.847164511680603
0.847164511680603
0.847164511680603
0.847164511680603
0.8566182255744934
0.8566182255744934
0.8566182255744934
0.8566182255744934
0.8566182255744934
0.8566182255744934
0.8566182255744934
0.8566182255744934
0.8624513745307922
0.8624513745307922
0.8624513745307922
0.8624513745307922
0.8624513745307922
0.8624513745307922
0.8624513745307922
0.8624513745307922
0.8624513745307922
0.8624513745307922
0.8671907782554626
0.8671907782554626
0.8671907782554626
0.8671907782554626
0.8671907782554626
0.8671907782554626
0.8671907782554626
0.8671907782554626
0.8671907782554626
0.8671907782554626
0.8671907782554626
0.8671907782554626
0.8671907782554626
0.8671907782554626
0.8671907782554626
0.8671907782554626
0.8671907782554626
0.8671907782554626
0.8747975826263428
0.8747975826263428
0.8747975826263428
0.8770707845687866
0.8772337436676025
0.8784188032150269
0.8784188032150269
0.8784188032150269
0.8784188032150269
0.8784188032150269
0.8784188032150269
0.885371059179306
0.885371059179306
0.8921676836907864
0.8921676836907864
0.8921676836907864
0.8921676836907864
0.8921676836907864
0.8921676836907864
0.9000488519668579
0.9000488519668579
0.9000488519668579
0.9068699777126312
0.9068699777126312
0.9068699777126312
0.9068699777126312
0.9068699777126312
0.9068699777126312
0.9068699777126312
0.9068699777126312
0.9068699777126312
0.9068699777126312
0.9068699777126312
0.9068699777126312
0.9068699777126312
0.9068699777126312
0.9178909659385681
0.9178909659385681
0.9178909659385681
0.9178909659385681
0.9223737418651581
0.9223737418651581
0.9223737418651581
0.9223737418651581
0.9223737418651581
0.9223737418651581
0.9223737418651581
0.9223737418651581
0.9223737418651581
0.9231405854225159
0.9231405854225159
0.9231405854225159
0.9231405854225159
0.9231405854225159
0.9231405854225159
0.9231405854225159
0.9247520565986633
0.9312747716903687
0.9312747716903687
0.9312747716903687
0.9312747716903687
0.9312747716903687
0.9414072036743164
0.9414072036743164
0.9414072036743164
0.9414072036743164
0.9414072036743164
0.9414072036743164
0.9414072036743164
0.9414072036743164
0.9414072036743164
0.9414072036743164
0.9414072036743164
0.9414072036743164
0.9414072036743164
0.9414072036743164
0.9468094110488892
0.9468094110488892
0.9468094110488892
0.9468094110488892
0.9468094110488892
0.9468094110488892
0.9468094110488892
0.9478030763566494
0.9491556882858276
0.9550283551216125
0.9551675878465176
0.9551675878465176
0.9676579833030701
0.9676579833030701
0.9676579833030701
0.9676579833030701
0.9676579833030701
0.9720022678375244
0.9720022678375244
0.9720022678375244
0.9720022678375244
0.9720022678375244
0.9720022678375244
0.9720022678375244
0.9720022678375244
0.9720022678375244
0.9720022678375244
0.9720022678375244
0.9720022678375244
0.9720022678375244
0.9720022678375244
0.9720022678375244
0.9720022678375244
0.9720022678375244
0.9838874936103821
0.9838874936103821
0.9838874936103821
0.9838874936103821
0.9838874936103821
0.9838874936103821
0.9838874936103821
0.9838874936103821
0.9873784780502319
0.9873784780502319
0.9873784780502319
0.9873784780502319
0.9873784780502319
0.9873784780502319
0.9873784780502319
0.9873784780502319
0.9916710257530212
0.9950574636459351
0.9950574636459351
0.9950574636459351
0.9950574636459351
0.9950574636459351
0.9950574636459351
0.9950574636459351
0.9950574636459351
0.9950574636459351
0.9950574636459351
1.0020157098770142
1.0020157098770142
1.0020157098770142
1.0020157098770142
1.0031687021255493
1.0031687021255493
1.0031687021255493
1.0031687021255493
1.0031687021255493
1.0031687021255493
1.0120055079460144
1.0120055079460144
1.0120055079460144
1.0120055079460144
1.0120055079460144
1.0120055079460144
1.0120055079460144
1.0120055079460144
1.0226548314094543
1.0226548314094543
1.0226548314094543
1.0226548314094543
1.0226548314094543
1.0226548314094543
1.0226548314094543
1.0226548314094543
1.0313148498535156
1.0313148498535156
1.0313148498535156
1.0313148498535156
1.0313148498535156
1.0313148498535156
1.0313148498535156
1.0313148498535156
1.0370625853538513
1.0370625853538513
1.0370625853538513
1.0370625853538513
1.0370625853538513
1.0464787483215332
1.0464787483215332
1.0464787483215332
1.0464787483215332
1.0464787483215332
1.0464787483215332
1.0464787483215332
1.0464787483215332
1.0464787483215332
1.0464787483215332
1.0464787483215332
1.0503880977630615
1.0503880977630615
1.0503880977630615
1.0503880977630615
1.0503880977630615
1.0503880977630615
1.055509701371193
1.055509701371193
1.055509701371193
1.0616852939128876
1.0616852939128876
1.0616852939128876
1.0616852939128876
1.0616852939128876
1.0616852939128876
1.0616852939128876
1.0616852939128876
1.0616852939128876
1.0616852939128876
1.0616852939128876
1.0679872930049896
1.0679872930049896
1.0679872930049896
1.0679872930049896
1.0679872930049896
1.0679872930049896
1.0688748359680176
1.0688748359680176
1.0734062790870667
1.0734062790870667
1.0734062790870667
1.0734062790870667
1.0734062790870667
1.0734062790870667
1.0819614492356777
1.0819614492356777
1.0894122421741486
1.0894122421741486
1.0894122421741486
1.0894122421741486
1.0894122421741486
1.0894122421741486
1.0894122421741486
1.0894122421741486
1.0930044651031494
1.0930044651031494
1.0995351076126099
1.0995351076126099
1.0995351076126099
1.0995351076126099
1.0995351076126099
1.0995351076126099
1.0995351076126099
1.0995351076126099
1.0995351076126099
1.0995351076126099
1.0995351076126099
1.1022543907165527
1.1022543907165527
1.1098272800445557
1.1098272800445557
1.1098272800445557
1.1109001636505127
1.1109001636505127
1.1109001636505127
1.1109001636505127
1.1109001636505127
1.1109001636505127
1.1175932884216309
1.1175932884216309
1.1175932884216309
1.11774280667305
1.11774280667305
1.1196966804564
1.1196966804564
1.1196966804564
1.1196966804564
1.1196966804564
1.1196966804564
1.1196966804564
1.1222062706947327
1.1367699205875397
1.1367699205875397
1.1367699205875397
1.1367699205875397
1.1367699205875397
1.1367699205875397
1.1367699205875397
1.1367699205875397
1.1367699205875397
1.1367699205875397
1.1367699205875397
1.1367699205875397
1.1367699205875397
1.147784948348999
1.147784948348999
1.147784948348999
1.147784948348999
1.147784948348999
1.147784948348999
1.147784948348999
1.147784948348999
1.147784948348999
1.147784948348999
1.1485416889190674
1.1485416889190674
1.1485416889190674
1.1485416889190674
1.1547523140907288
1.1547523140907288
1.1547523140907288
1.1547523140907288
1.1547523140907288
1.1547523140907288
1.1603657901287079
1.1812411546707153
1.1812411546707153
1.1812411546707153
1.1812411546707153
1.1812411546707153
1.1812411546707153
1.1812411546707153
1.1812411546707153
1.1812411546707153
1.1812411546707153
1.1812411546707153
1.1812411546707153
1.1816154718399048
1.1816154718399048
1.1816154718399048
1.1816154718399048
1.1840386390686035
1.1840386390686035
1.1840386390686035
1.1840386390686035
1.1840386390686035
1.2008563838899136
1.2008563838899136
1.2008563838899136
1.2008563838899136
1.2008563838899136
1.2008563838899136
1.2008563838899136
1.2008563838899136
1.2008563838899136
1.2008563838899136
1.2008563838899136
1.2008563838899136
1.2008563838899136
1.2008563838899136
1.2008563838899136
1.2008563838899136
1.2008563838899136
1.2008563838899136
1.2008563838899136
1.2066872119903564
1.2149599194526672
1.2149599194526672
1.2149599194526672
1.2149599194526672
1.2149599194526672
1.2236053347587585
1.2236053347587585
1.2236053347587585
1.2236053347587585
1.2236053347587585
1.2236053347587585
1.2249823808670044
1.2249823808670044
1.2249823808670044
1.2304183840751648
1.2304183840751648
1.2304183840751648
1.2415179908275604
1.2415179908275604
1.2415179908275604
1.2415179908275604
1.2415179908275604
1.2415179908275604
1.2415179908275604
1.2415179908275604
1.2463253438472748
1.2463253438472748
1.2463253438472748
1.2463253438472748
1.2463253438472748
1.2463253438472748
1.2463253438472748
1.2463253438472748
1.2463253438472748
1.2543631494045258
1.2554363012313843
1.2554363012313843
1.2554363012313843
1.2554363012313843
1.2554363012313843
1.2554363012313843
1.259466528892517
1.262664794921875
1.2790333926677704
1.2790333926677704
1.2790333926677704
1.2790333926677704
1.2790333926677704
1.2790333926677704
1.2790333926677704
1.2790333926677704
1.2790333926677704
1.2790333926677704
1.2790333926677704
1.2790333926677704
1.2790333926677704
1.2790333926677704
1.2790333926677704
1.2790333926677704
1.2790333926677704
1.2793057560920715
1.2805144786834717
1.2805144786834717
1.2889906167984009
1.2889906167984009
1.2889906167984009
1.2896259427070618
1.2896259427070618
1.2896259427070618
1.2896259427070618
1.3004817366600037
1.3004817366600037
1.3004817366600037
1.3004817366600037
1.3004817366600037
1.3004817366600037
1.3004817366600037
1.3004817366600037
1.3004817366600037
1.3004817366600037
1.3004817366600037
1.3004817366600037
1.3004817366600037
1.3299238085746765
1.3299238085746765
1.3299238085746765
1.3299238085746765
1.3299238085746765
1.3299238085746765
1.3299238085746765
1.3299238085746765
1.3299238085746765
1.3299238085746765
1.3299238085746765
1.3299238085746765
1.3299238085746765
1.3299238085746765
1.3299238085746765
1.3313918076455593
1.3313918076455593
1.3313918076455593
1.3313918076455593
1.3313918076455593
1.3313918076455593
1.3313918076455593
1.3313918076455593
1.3313918076455593
1.3449200987815857
1.3449200987815857
1.3449200987815857
1.3449200987815857
1.3449200987815857
1.3449200987815857
1.3449200987815857
1.3449200987815857
1.3449200987815857
1.3449200987815857
1.3449200987815857
1.3449200987815857
1.3449200987815857
1.3449200987815857
1.3456782698631287
1.3456782698631287
1.3456782698631287
1.3456782698631287
1.3456782698631287
1.3456782698631287
1.3456782698631287
1.3563959002494812
1.3563959002494812
1.362657070159912
1.362657070159912
1.362657070159912
1.3777570128440857
1.3823269605636597
1.3878503143787384
1.3878503143787384
1.3878503143787384
1.3878503143787384
1.3878503143787384
1.3878503143787384
1.3878503143787384
1.3878503143787384
1.3878503143787384
1.3878503143787384
1.3878503143787384
1.3878503143787384
1.3878503143787384
1.3878503143787384
1.3878503143787384
1.4050654768943787
1.4050654768943787
1.4050654768943787
1.4050654768943787
1.4050654768943787
1.4050654768943787
1.4050654768943787
1.4050654768943787
1.4156376421451569
1.4156376421451569
1.4156376421451569
1.4156376421451569
1.4156376421451569
1.4156376421451569
1.4156376421451569
1.4156376421451569
1.4156376421451569
1.4156376421451569
1.4161876440048218
1.4161876440048218
1.4161876440048218
1.4161876440048218
1.4161876440048218
1.4161876440048218
1.4322255849838257
1.4322255849838257
1.4322255849838257
1.4322255849838257
1.4322255849838257
1.4322255849838257
1.4322255849838257
1.4322255849838257
1.4322255849838257
1.4322255849838257
1.4322255849838257
1.4322255849838257
1.4322255849838257
1.4322255849838257
1.4322255849838257
1.4322255849838257
1.448630154132843
1.448630154132843
1.448630154132843
1.448630154132843
1.448630154132843
1.4575034379959106
1.4575034379959106
1.4575034379959106
1.4581994414329529
1.4581994414329529
1.4581994414329529
1.467103272676468
1.467103272676468
1.467103272676468
1.467103272676468
1.467103272676468
1.467103272676468
1.467103272676468
1.467103272676468
1.467103272676468
1.467103272676468
1.467103272676468
1.467103272676468
1.467103272676468
1.467103272676468
1.467103272676468
1.467103272676468
1.467103272676468
1.467103272676468
1.467103272676468
1.480542540550232
1.480542540550232
1.5046164989471436
1.5046164989471436
1.5046164989471436
1.5046164989471436
1.5046164989471436
1.5046164989471436
1.5046164989471436
1.5046164989471436
1.5046164989471436
1.5046164989471436
1.5099867582321167
1.5099867582321167
1.5099867582321167
1.5099867582321167
1.5099867582321167
1.5140578150749207
1.5140578150749207
1.522888895124197
1.522888895124197
1.522888895124197
1.522888895124197
1.522888895124197
1.522888895124197
1.522888895124197
1.522888895124197
1.522888895124197
1.522888895124197
1.522888895124197
1.5290384888648987
1.5290384888648987
1.5290384888648987
1.5290384888648987
1.5290384888648987
1.5290384888648987
1.5290384888648987
1.5453315377235413
1.5453315377235413
1.5453315377235413
1.5453315377235413
1.5453315377235413
1.5453315377235413
1.5529374480247498
1.5529374480247498
1.5529374480247498
1.5529374480247498
1.5581126809120178
1.5581126809120178
1.5581126809120178
1.5581126809120178
1.5581126809120178
1.5581126809120178
1.5581126809120178
1.5581126809120178
1.5581126809120178
1.5581126809120178
1.5581126809120178
1.5828662514686584
1.5828662514686584
1.5828662514686584
1.5828662514686584
1.5828662514686584
1.5828662514686584
1.5828662514686584
1.5828662514686584
1.5828662514686584
1.5828662514686584
1.5828662514686584
1.5828662514686584
1.5828662514686584
1.5828662514686584
1.5828662514686584
1.5828662514686584
1.5828662514686584
1.5836904644966125
1.5836904644966125
1.5836904644966125
1.5836904644966125
1.5836904644966125
1.6166474784258753
1.6166474784258753
1.6166474784258753
1.6166474784258753
1.6166474784258753
1.6166474784258753
1.6166474784258753
1.6166474784258753
1.6247107982635498
1.6247107982635498
1.6247107982635498
1.6247107982635498
1.6247107982635498
1.6247107982635498
1.6247107982635498
1.6247107982635498
1.6247107982635498
1.6247107982635498
1.6247107982635498
1.6247107982635498
1.6247107982635498
1.6377205848693848
1.6377205848693848
1.6377205848693848
1.6377205848693848
1.6377205848693848
1.6377205848693848
1.6377205848693848
1.6377205848693848
1.6377205848693848
1.6377205848693848
1.6494510173797607
1.6494510173797607
1.6494510173797607
1.6494510173797607
1.6494510173797607
1.6494510173797607
1.6494510173797607
1.6494510173797607
1.6494510173797607
1.6494510173797607
1.6494510173797607
1.6504496932029724
1.6507765650749207
1.6507765650749207
1.6507765650749207
1.6507765650749207
1.6507765650749207
1.6507765650749207
1.6507765650749207
1.6507765650749207
1.6507765650749207
1.6507765650749207
1.6583784818649292
1.6583784818649292
1.6583784818649292
1.6583784818649292
1.6583784818649292
1.6636666618287563
1.665852665901184
1.6676000356674194
1.671474814414978
1.671474814414978
1.671474814414978
1.671474814414978
1.671474814414978
1.671474814414978
1.672814667224884
1.672814667224884
1.672814667224884
1.6917797923088074
1.6917797923088074
1.6917797923088074
1.6917797923088074
1.7092456817626953
1.7092456817626953
1.7092456817626953
1.7092456817626953
1.7308358550071716
1.7308358550071716
1.7308358550071716
1.7308358550071716
1.7308358550071716
1.7308358550071716
1.7308358550071716
1.7308358550071716
1.7308358550071716
1.7427630424499512
1.7427630424499512
1.7427630424499512
1.7427630424499512
1.7427630424499512
1.7427630424499512
1.7427630424499512
1.7427630424499512
1.7427630424499512
1.7427630424499512
1.7427630424499512
1.7427630424499512
1.7427630424499512
1.7573948502540588
1.7573948502540588
1.7573948502540588
1.7573948502540588
1.7573948502540588
1.7573948502540588
1.7573948502540588
1.7573948502540588
1.7573948502540588
1.7573948502540588
1.7573948502540588
1.7573948502540588
1.7573948502540588
1.7573948502540588
1.7573948502540588
1.7573948502540588
1.7573948502540588
1.7573948502540588
1.7573948502540588
1.7573948502540588
1.7573948502540588
1.7573948502540588
1.789069801568985
1.789069801568985
1.789069801568985
1.789069801568985
1.789069801568985
1.789069801568985
1.789069801568985
1.789069801568985
1.789069801568985
1.8014803528785706
1.8014803528785706
1.8014803528785706
1.8014803528785706
1.8014803528785706
1.8014803528785706
1.8014803528785706
1.8014803528785706
1.8014803528785706
1.8014803528785706
1.8014803528785706
1.8014803528785706
1.8014803528785706
1.8014803528785706
1.8014803528785706
1.8014803528785706
1.8014803528785706
1.8014803528785706
1.8014803528785706
1.8014803528785706
1.8014803528785706
1.8014803528785706
1.8014803528785706
1.8103930950164795
1.8103930950164795
1.8103930950164795
1.8103930950164795
1.8103930950164795
1.826545238494873
1.826545238494873
1.826545238494873
1.826545238494873
1.8287220001220703
1.8287220001220703
1.842331051826477
1.842331051826477
1.842331051826477
1.842331051826477
1.842331051826477
1.842331051826477
1.8539104461669922
1.8539104461669922
1.8594890832901
1.8594890832901
1.8594890832901
1.8777096271514893
1.8777096271514893
1.8777096271514893
1.8777096271514893
1.8777096271514893
1.8777096271514893
1.8777096271514893
1.8777096271514893
1.8777096271514893
1.8805019855499268
1.8805019855499268
1.8805019855499268
1.8805019855499268
1.8805019855499268
1.897980809211731
1.897980809211731
1.897980809211731
1.897980809211731
1.897980809211731
1.897980809211731
1.897980809211731
1.897980809211731
1.9145084023475647
1.9145084023475647
1.9145084023475647
1.9145084023475647
1.9145084023475647
1.9145084023475647
1.9145084023475647
1.9193611145019531
1.9193611145019531
1.9193611145019531
1.9193611145019531
1.9193611145019531
1.9193611145019531
1.9193611145019531
1.9193611145019531
1.9193611145019531
1.954923689365387
1.954923689365387
1.954923689365387
1.954923689365387
1.954923689365387
1.954923689365387
1.954923689365387
1.954923689365387
1.954923689365387
1.954923689365387
1.954923689365387
1.954923689365387
1.954923689365387
1.954923689365387
1.9671709537506104
1.9671709537506104
1.9671709537506104
1.9671709537506104
1.9671709537506104
1.9671709537506104
1.9671709537506104
1.9671709537506104
1.9671709537506104
1.9671709537506104
1.9671709537506104
1.9671709537506104
1.9671709537506104
1.9671709537506104
1.9671709537506104
1.9671709537506104
1.9671709537506104
1.9671709537506104
1.9786803126335144
1.9977584481239319
1.9977584481239319
1.9977584481239319
1.9977584481239319
1.9977584481239319
1.9977584481239319
1.9977584481239319
1.9977584481239319
1.9977584481239319
1.9977584481239319
2.023705542087555
2.023705542087555
2.023705542087555
2.024615168571472
2.024615168571472
2.024615168571472
2.024615168571472
2.024615168571472
2.024615168571472
2.024615168571472
2.024615168571472
2.024615168571472
2.024615168571472
2.024615168571472
2.024615168571472
2.024615168571472
2.024615168571472
2.024615168571472
2.0779366493225098
2.0779366493225098
2.0779366493225098
2.0779366493225098
2.0779366493225098
2.0779366493225098
2.0779366493225098
2.0779366493225098
2.0779366493225098
2.0779366493225098
2.0779366493225098
2.0779366493225098
2.0779366493225098
2.0779366493225098
2.0779366493225098
2.089724898338318
2.089724898338318
2.089724898338318
2.089724898338318
2.089724898338318
2.089724898338318
2.089724898338318
2.089724898338318
2.089724898338318
2.089724898338318
2.089724898338318
2.089724898338318
2.089724898338318
2.092974066734314
2.100836992263794
2.100836992263794
2.1017311215400696
2.1017311215400696
2.1017311215400696
2.1017311215400696
2.1017311215400696
2.1017311215400696
2.1017311215400696
2.112292528152466
2.112292528152466
2.112292528152466
2.1463056802749634
2.1463056802749634
2.1463056802749634
2.1463056802749634
2.1463056802749634
2.1463056802749634
2.1463056802749634
2.1463056802749634
2.1463056802749634
2.1463056802749634
2.1463056802749634
2.179768443107605
2.179768443107605
2.179768443107605
2.179768443107605
2.179768443107605
2.179768443107605
2.179768443107605
2.179768443107605
2.179768443107605
2.179768443107605
2.179768443107605
2.179768443107605
2.179768443107605
2.179768443107605
2.179768443107605
2.179768443107605
2.179768443107605
2.179768443107605
2.179768443107605
2.179768443107605
2.179768443107605
2.179768443107605
2.179768443107605
2.1809663474559784
2.1809663474559784
2.1809663474559784
2.1809663474559784
2.1809663474559784
2.233772039413452
2.233772039413452
2.233772039413452
2.233772039413452
2.233772039413452
2.233772039413452
2.233772039413452
2.233772039413452
2.233772039413452
2.233772039413452
2.233772039413452
2.233772039413452
2.233772039413452
2.233772039413452
2.233772039413452
2.233772039413452
2.233772039413452
2.233772039413452
2.23955374956131
2.2651113271713257
2.2651113271713257
2.2651113271713257
2.2651113271713257
2.2651113271713257
2.2651113271713257
2.2651113271713257
2.2651113271713257
2.2651113271713257
2.2651113271713257
2.275569200515747
2.2865599393844604
2.2865599393844604
2.2865599393844604
2.2865599393844604
2.2865599393844604
2.2865599393844604
2.2865599393844604
2.3014759719371796
2.3306931257247925
2.3306931257247925
2.3306931257247925
2.3306931257247925
2.3306931257247925
2.3306931257247925
2.3306931257247925
2.3306931257247925
2.3306931257247925
2.3306931257247925
2.3306931257247925
2.3306931257247925
2.3306931257247925
2.3306931257247925
2.3306931257247925
2.3306931257247925
2.3306931257247925
2.3306931257247925
2.3306931257247925
2.332756996154785
2.332756996154785
2.332756996154785
2.332756996154785
2.332756996154785
2.332756996154785
2.332756996154785
2.3704352378845215
2.3704352378845215
2.3704352378845215
2.374026298522949
2.374026298522949
2.374026298522949
2.374026298522949
2.374026298522949
2.374026298522949
2.374026298522949
2.374026298522949
2.374026298522949
2.374026298522949
2.374026298522949
2.374026298522949
2.374026298522949
2.374026298522949
2.374026298522949
2.374026298522949
2.374026298522949
2.374026298522949
2.374026298522949
2.395145893096924
2.395145893096924
2.395145893096924
2.395145893096924
2.395145893096924
2.395145893096924
2.395145893096924
2.395145893096924
2.395145893096924
2.395145893096924
2.395145893096924
2.395145893096924
2.395145893096924
2.4395430088043213
2.4395430088043213
2.4395430088043213
2.4395430088043213
2.4395430088043213
2.443310499191284
2.443310499191284
2.443310499191284
2.443310499191284
2.467458724975586
2.467458724975586
2.467458724975586
2.467458724975586
2.479713201522827
2.479713201522827
2.479713201522827
2.479713201522827
2.479713201522827
2.479713201522827
2.479713201522827
2.479713201522827
2.479713201522827
2.479713201522827
2.479713201522827
2.479713201522827
2.512236714363098
2.512236714363098
2.512236714363098
2.512236714363098
2.512236714363098
2.512236714363098
2.512236714363098
2.512236714363098
2.512236714363098
2.512236714363098
2.512236714363098
2.512236714363098
2.512236714363098
2.512236714363098
2.512236714363098
2.512236714363098
2.512236714363098
2.512236714363098
2.512236714363098
2.512236714363098
2.5141137838363647
2.5141137838363647
2.5141137838363647
2.5141137838363647
2.5141137838363647
2.5141137838363647
2.5141137838363647
2.5141137838363647
2.5141137838363647
2.5141137838363647
2.5141137838363647
2.5141137838363647
2.5141137838363647
2.5141137838363647
2.5141137838363647
2.5141137838363647
2.5141137838363647
2.5141137838363647
2.5141137838363647
2.5676430463790894
2.5676430463790894
2.5676430463790894
2.5676430463790894
2.5676430463790894
2.5676430463790894
2.5676430463790894
2.5676430463790894
2.5676430463790894
2.5676430463790894
2.5676430463790894
2.5676430463790894
2.5676430463790894
2.607712984085083
2.607712984085083
2.607712984085083
2.607712984085083
2.607712984085083
2.617551803588867
2.617551803588867
2.617551803588867
2.617551803588867
2.617551803588867
2.617551803588867
2.617551803588867
2.617551803588867
2.617551803588867
2.617551803588867
2.617551803588867
2.617551803588867
2.617551803588867
2.617551803588867
2.617551803588867
2.617551803588867
2.617551803588867
2.617551803588867
2.617551803588867
2.617551803588867
2.617551803588867
2.621713876724243
2.621713876724243
2.621713876724243
2.621713876724243
2.621713876724243
2.621713876724243
2.621713876724243
2.621713876724243
2.621713876724243
2.621713876724243
2.621713876724243
2.690157473087311
2.690157473087311
2.690157473087311
2.690157473087311
2.690157473087311
2.690157473087311
2.690157473087311
2.690157473087311
2.690157473087311
2.690157473087311
2.690157473087311
2.690157473087311
2.690157473087311
2.690157473087311
2.690157473087311
2.690157473087311
2.690157473087311
2.690157473087311
2.690157473087311
2.690157473087311
2.690157473087311
2.690245509147644
2.690245509147644
2.690245509147644
2.690245509147644
2.690245509147644
2.690245509147644
2.690245509147644
2.690245509147644
2.7237930297851562
2.7237930297851562
2.7237930297851562
2.7237930297851562
2.7237930297851562
2.7237930297851562
2.7237930297851562
2.7237930297851562
2.7237930297851562
2.7237930297851562
2.7237930297851562
2.7237930297851562
2.7237930297851562
2.7237930297851562
2.7237930297851562
2.7237930297851562
2.7237930297851562
2.7237930297851562
2.7237930297851562
2.7237930297851562
2.7237930297851562
2.7237930297851562
2.771196961402893
2.771196961402893
2.771196961402893
2.771196961402893
2.771196961402893
2.771196961402893
2.771196961402893
2.771196961402893
2.771196961402893
2.771196961402893
2.771196961402893
2.771196961402893
2.771196961402893
2.771196961402893
2.771196961402893
2.771196961402893
2.771196961402893
2.771196961402893
2.771196961402893
2.771196961402893
2.7732748985290527
2.7732748985290527
2.7732748985290527
2.7732748985290527
2.7732748985290527
2.7732748985290527
2.7732748985290527
2.8935621976852417
2.8935621976852417
2.8935621976852417
2.8935621976852417
2.8935621976852417
2.8935621976852417
2.8935621976852417
2.8935621976852417
2.8935621976852417
2.8935621976852417
2.8935621976852417
2.8935621976852417
2.8935621976852417
2.8935621976852417
2.8935621976852417
2.8935621976852417
2.8935621976852417
2.8935621976852417
2.8935621976852417
2.8935621976852417
2.8935621976852417
2.8935621976852417
2.8935621976852417
2.8935621976852417
2.8935621976852417
2.8935621976852417
2.8935621976852417
2.8935621976852417
2.8935621976852417
2.8935621976852417
2.8935621976852417
2.8935621976852417
2.8935621976852417
2.8935621976852417
2.8935621976852417
2.8935621976852417
2.8935621976852417
2.8935621976852417
2.8935621976852417
2.8935621976852417
2.8980250358581543
2.8980250358581543
2.8980250358581543
2.8980250358581543
2.8980250358581543
2.8980250358581543
2.8980250358581543
2.8980250358581543
2.907139778137207
2.907139778137207
2.907139778137207
2.907139778137207
2.907139778137207
2.907139778137207
2.910688638687134
2.910688638687134
2.910688638687134
2.910688638687134
2.910688638687134
2.910688638687134
2.910688638687134
2.910688638687134
2.910688638687134
2.910688638687134
2.910688638687134
2.910688638687134
2.910688638687134
2.910688638687134
3.0351682901382446
3.0351682901382446
3.0351682901382446
3.0351682901382446
3.0351682901382446
3.0351682901382446
3.0351682901382446
3.0351682901382446
3.0637255907058716
3.0637255907058716
3.0637255907058716
3.0715709924697876
3.0715709924697876
3.0715709924697876
3.0715709924697876
3.0715709924697876
3.0715709924697876
3.0715709924697876
3.0715709924697876
3.0715709924697876
3.0715709924697876
3.0715709924697876
3.0715709924697876
3.0715709924697876
3.0715709924697876
3.0715709924697876
3.0715709924697876
3.0715709924697876
3.0715709924697876
3.0715709924697876
3.0715709924697876
3.0715709924697876
3.0715709924697876
3.0715709924697876
3.0715709924697876
3.09958815574646
3.09958815574646
3.09958815574646
3.09958815574646
3.09958815574646
3.09958815574646
3.09958815574646
3.09958815574646
3.09958815574646
3.09958815574646
3.09958815574646
3.09958815574646
3.09958815574646
3.09958815574646
3.09958815574646
3.09958815574646
3.09958815574646
3.09958815574646
3.09958815574646
3.09958815574646
3.09958815574646
3.09958815574646
3.09958815574646
3.1282652616500854
3.1282652616500854
3.1282652616500854
3.1282652616500854
3.1282652616500854
3.1421048641204834
3.1421048641204834
3.1421048641204834
3.1421048641204834
3.1421048641204834
3.1421048641204834
3.1421048641204834
3.1421048641204834
3.1421048641204834
3.1421048641204834
3.1421048641204834
3.1421048641204834
3.1421048641204834
3.1421048641204834
3.1421048641204834
3.1421048641204834
3.1421048641204834
3.1421048641204834
3.1421048641204834
3.1421048641204834
3.1421048641204834
3.1421048641204834
3.1421048641204834
3.1421048641204834
3.1421048641204834
3.1421048641204834
3.1764771938323975
3.1764771938323975
3.1764771938323975
3.1764771938323975
3.2131506204605103
3.2131506204605103
3.2136393785476685
3.2136393785476685
3.2136393785476685
3.2136393785476685
3.2136393785476685
3.2136393785476685
3.2136393785476685
3.2136393785476685
3.2220566272735596
3.2220566272735596
3.2220566272735596
3.2220566272735596
3.2650065422058105
3.2650065422058105
3.2650065422058105
3.2650065422058105
3.2650065422058105
3.2650065422058105
3.2650065422058105
3.2650065422058105
3.2650065422058105
3.2650065422058105
3.2650065422058105
3.2650065422058105
3.2650065422058105
3.2650065422058105
3.2650065422058105
3.2650065422058105
3.2650065422058105
3.2650065422058105
3.2650065422058105
3.311874032020569
3.311874032020569
3.311874032020569
3.311874032020569
3.311874032020569
3.311874032020569
3.311874032020569
3.311874032020569
3.311874032020569
3.311874032020569
3.311874032020569
3.311874032020569
3.311874032020569
3.311874032020569
3.311874032020569
3.316275119781494
3.316275119781494
3.316275119781494
3.316275119781494
3.316275119781494
3.32338809967041
3.32338809967041
3.3838027715682983
3.3838027715682983
3.3838027715682983
3.3838027715682983
3.3838027715682983
3.3838027715682983
3.3838027715682983
3.3838027715682983
3.4045557975769043
3.4045557975769043
3.4045557975769043
3.4045557975769043
3.4045557975769043
3.4045557975769043
3.4045557975769043
3.4045557975769043
3.4045557975769043
3.4045557975769043
3.4045557975769043
3.4045557975769043
3.4045557975769043
3.4045557975769043
3.4045557975769043
3.4045557975769043
3.4045557975769043
3.4045557975769043
3.4045557975769043
3.4045557975769043
3.4045557975769043
3.4045557975769043
3.4045557975769043
3.4045557975769043
3.4045557975769043
3.407893419265747
3.407893419265747
3.407893419265747
3.407893419265747
3.407893419265747
3.407893419265747
3.407893419265747
3.449091076850891
3.449091076850891
3.449091076850891
3.449091076850891
3.4820374250411987
3.4820374250411987
3.4820374250411987
3.4820374250411987
3.4820374250411987
3.4820374250411987
3.4820374250411987
3.4820374250411987
3.4820374250411987
3.4820374250411987
3.4820374250411987
3.4898828268051147
3.4898828268051147
3.4898828268051147
3.4898828268051147
3.5225813388824463
3.5225813388824463
3.5225813388824463
3.5225813388824463
3.5225813388824463
3.5225813388824463
3.5225813388824463
3.5225813388824463
3.5225813388824463
3.5225813388824463
3.5225813388824463
3.5782992839813232
3.5782992839813232
3.5782992839813232
3.5782992839813232
3.5782992839813232
3.5782992839813232
3.5782992839813232
3.5782992839813232
3.5782992839813232
3.5782992839813232
3.5782992839813232
3.5782992839813232
3.5782992839813232
3.5782992839813232
3.5782992839813232
3.5782992839813232
3.5782992839813232
3.5782992839813232
3.5782992839813232
3.5782992839813232
3.5782992839813232
3.5782992839813232
3.5782992839813232
3.5782992839813232
3.5782992839813232
3.5782992839813232
3.5782992839813232
3.5782992839813232
3.5782992839813232
3.5787564516067505
3.5787564516067505
3.5787564516067505
3.5787564516067505
3.5787564516067505
3.5787564516067505
3.596133232116699
3.596133232116699
3.596133232116699
3.596133232116699
3.596133232116699
3.596133232116699
3.596133232116699
3.596133232116699
3.78836989402771
3.78836989402771
3.78836989402771
3.78836989402771
3.78836989402771
3.78836989402771
3.78836989402771
3.78836989402771
3.78836989402771
3.78836989402771
3.78836989402771
3.78836989402771
3.78836989402771
3.78836989402771
3.78836989402771
3.78836989402771
3.78836989402771
3.78836989402771
3.78836989402771
3.78836989402771
3.78836989402771
3.78836989402771
3.78836989402771
3.78836989402771
3.78836989402771
3.78836989402771
3.78836989402771
3.78836989402771
3.78836989402771
3.78836989402771
3.78836989402771
3.78836989402771
3.78836989402771
3.78836989402771
3.78836989402771
3.78836989402771
3.78836989402771
3.78836989402771
3.78836989402771
3.78836989402771
3.78836989402771
3.78836989402771
3.78836989402771
3.78836989402771
3.78836989402771
3.78836989402771
3.78836989402771
3.78836989402771
3.78836989402771
3.78836989402771
3.78836989402771
3.78836989402771
3.78836989402771
3.78836989402771
3.78836989402771
3.78836989402771
3.78836989402771
3.78836989402771
3.8683239221572876
3.8683239221572876
3.8683239221572876
3.8683239221572876
3.8683239221572876
3.8683239221572876
3.8683239221572876
3.8683239221572876
3.8683239221572876
3.8683239221572876
3.8683239221572876
3.8683239221572876
3.8683239221572876
3.8683239221572876
3.8683239221572876
3.8683239221572876
3.8683239221572876
3.8683239221572876
3.8683239221572876
3.8683239221572876
3.8683239221572876
3.8683239221572876
3.8683239221572876
3.8683239221572876
3.8683239221572876
3.8683239221572876
3.8683239221572876
3.8683239221572876
3.8683239221572876
3.8683239221572876
3.8703593015670776
3.8703593015670776
3.8703593015670776
3.8703593015670776
4.057467579841614
4.057467579841614
4.057467579841614
4.057467579841614
4.057467579841614
4.057467579841614
4.057467579841614
4.057467579841614
4.057467579841614
4.057467579841614
4.057467579841614
4.057467579841614
4.057467579841614
4.057467579841614
4.057467579841614
4.057467579841614
4.057467579841614
4.057467579841614
4.057467579841614
4.057467579841614
4.057467579841614
4.057467579841614
4.057467579841614
4.057467579841614
4.057467579841614
4.057467579841614
4.057467579841614
4.057467579841614
4.057467579841614
4.057467579841614
4.057467579841614
4.057467579841614
4.057467579841614
4.057467579841614
4.057467579841614
4.057467579841614
4.057467579841614
4.057467579841614
4.065940737724304
4.065940737724304
4.065940737724304
4.065940737724304
4.065940737724304
4.065940737724304
4.065940737724304
4.065940737724304
4.065940737724304
4.065940737724304
4.065940737724304
4.065940737724304
4.065940737724304
4.065940737724304
4.065940737724304
4.065940737724304
4.065940737724304
4.065940737724304
4.065940737724304
4.065940737724304
4.065940737724304
4.065940737724304
4.065940737724304
4.065940737724304
4.065940737724304
4.065940737724304
4.065940737724304
4.065940737724304
4.065940737724304
4.065940737724304
4.065940737724304
4.065940737724304
4.065940737724304
4.073089122772217
4.073089122772217
4.073089122772217
4.073089122772217
4.073089122772217
4.151602864265442
4.151602864265442
4.151602864265442
4.151602864265442
4.151602864265442
4.151602864265442
4.151602864265442
4.151602864265442
4.151602864265442
4.151602864265442
4.151602864265442
4.151602864265442
4.315646171569824
4.315646171569824
4.315646171569824
4.315646171569824
4.315646171569824
4.315646171569824
4.315646171569824
4.315646171569824
4.315646171569824
4.315646171569824
4.315646171569824
4.315646171569824
4.315646171569824
4.315646171569824
4.315646171569824
4.315646171569824
4.315646171569824
4.315646171569824
4.315646171569824
4.315646171569824
4.315646171569824
4.315646171569824
4.315646171569824
4.315646171569824
4.315646171569824
4.315646171569824
4.315646171569824
4.315646171569824
4.315646171569824
4.315646171569824
4.315646171569824
4.315646171569824
4.315646171569824
4.315646171569824
4.315646171569824
4.328457236289978
4.328457236289978
4.328457236289978
4.328457236289978
4.328457236289978
4.328457236289978
4.328457236289978
4.328457236289978
4.328457236289978
4.328457236289978
4.328457236289978
4.328457236289978
4.328457236289978
4.328457236289978
4.328457236289978
4.328457236289978
4.328457236289978
4.328457236289978
4.328457236289978
4.328457236289978
4.328457236289978
4.328457236289978
4.328457236289978
4.328457236289978
4.328457236289978
4.328457236289978
4.328457236289978
4.328457236289978
4.328457236289978
4.328457236289978
4.328457236289978
4.350818037986755
4.350818037986755
4.350818037986755
4.350818037986755
4.350818037986755
4.350818037986755
4.4425084590911865
4.4425084590911865
4.4425084590911865
4.4425084590911865
4.4425084590911865
4.4425084590911865
4.538527846336365
4.538527846336365
4.538527846336365
4.538527846336365
4.538527846336365
4.538527846336365
4.538527846336365
4.538527846336365
4.538527846336365
4.538527846336365
4.538527846336365
4.538527846336365
4.538527846336365
4.538527846336365
4.538527846336365
4.538527846336365
4.538527846336365
4.538527846336365
4.538527846336365
4.538527846336365
4.538527846336365
4.538527846336365
4.538527846336365
4.538527846336365
4.538527846336365
4.538527846336365
4.538527846336365
4.538527846336365
4.538527846336365
4.538527846336365
4.538527846336365
4.538527846336365
4.538527846336365
4.538527846336365
4.538527846336365
4.538527846336365
4.538527846336365
4.612671852111816
4.612671852111816
4.612671852111816
4.612671852111816
4.612671852111816
4.612671852111816
4.612671852111816
4.612671852111816
4.612671852111816
4.612671852111816
4.612671852111816
4.612671852111816
4.612671852111816
4.612671852111816
4.612671852111816
4.612671852111816
4.620517253875732
4.620517253875732
4.620517253875732
4.620517253875732
4.620517253875732
4.620517253875732
4.620517253875732
4.620517253875732
4.620517253875732
4.620517253875732
4.620517253875732
4.620517253875732
4.620517253875732
4.620517253875732
4.620517253875732
4.620517253875732
4.620517253875732
4.620517253875732
4.620517253875732
4.620517253875732
4.620517253875732
4.620517253875732
4.620517253875732
4.620517253875732
4.620517253875732
4.620517253875732
4.620517253875732
4.8076255321502686
4.8076255321502686
4.8076255321502686
4.8076255321502686
4.8076255321502686
4.8076255321502686
4.8076255321502686
4.8076255321502686
4.8076255321502686
4.8076255321502686
4.8076255321502686
4.8076255321502686
4.8076255321502686
4.8076255321502686
4.8076255321502686
4.8076255321502686
4.820922017097473
4.820922017097473
4.820922017097473
4.820922017097473
4.820922017097473
4.820922017097473
4.820922017097473
4.820922017097473
4.820922017097473
4.820922017097473
4.820922017097473
4.820922017097473
4.820922017097473
4.820922017097473
4.820922017097473
4.820922017097473
4.820922017097473
4.826629996299744
4.826629996299744
4.826629996299744
4.826629996299744
4.826629996299744
4.826629996299744
4.826629996299744
4.826629996299744
4.826629996299744
4.826629996299744
4.826629996299744
4.826629996299744
4.826629996299744
4.826629996299744
4.826629996299744
4.826629996299744
4.826629996299744
4.826629996299744
4.826629996299744
4.826629996299744
4.826629996299744
4.826629996299744
4.826629996299744
4.826629996299744
4.826629996299744
4.901244282722473
4.901244282722473
4.909051299095154
4.909051299095154
4.909051299095154
4.909051299095154
4.909051299095154
4.909051299095154
4.909051299095154
4.942386269569397
4.942386269569397
4.942386269569397
4.942386269569397
4.942386269569397
4.942386269569397
4.942386269569397
4.942386269569397
4.942386269569397
4.942386269569397
4.942386269569397
4.942386269569397
4.942386269569397
4.942386269569397
4.942386269569397
4.942386269569397
5.090019702911377
5.090019702911377
5.090019702911377
5.090019702911377
5.090019702911377
5.090019702911377
5.090019702911377
5.090019702911377
5.090019702911377
5.090019702911377
5.090019702911377
5.090019702911377
5.090019702911377
5.090019702911377
5.090019702911377
5.090019702911377
5.0957276821136475
5.0957276821136475
5.0957276821136475
5.0957276821136475
5.0957276821136475
5.0957276821136475
5.0957276821136475
5.0957276821136475
5.0957276821136475
5.0957276821136475
5.0957276821136475
5.0957276821136475
5.0957276821136475
5.0957276821136475
5.0957276821136475
5.0957276821136475
5.0957276821136475
5.0957276821136475
5.0957276821136475
5.0957276821136475
5.0957276821136475
5.0957276821136475
5.0957276821136475
5.0957276821136475
5.0957276821136475
5.0957276821136475
5.0957276821136475
5.0957276821136475
5.0957276821136475
5.170341968536377
5.178148984909058
5.178148984909058
5.178148984909058
5.178148984909058
5.178148984909058
5.178148984909058
5.178148984909058
5.178148984909058
5.178148984909058
5.178148984909058
5.178148984909058
5.178148984909058
5.178148984909058
5.178148984909058
5.178148984909058
5.178148984909058
5.178148984909058
5.211483955383301
5.211483955383301
5.211483955383301
5.211483955383301
5.211483955383301
5.211483955383301
5.211483955383301
5.211483955383301
5.211483955383301
5.211483955383301
5.211483955383301
5.211483955383301
5.211483955383301
5.211483955383301
5.211483955383301
5.211483955383301
5.211483955383301
5.211483955383301
5.211483955383301
5.211483955383301
5.211483955383301
5.211483955383301
5.238202810287476
5.238202810287476
5.238202810287476
5.238202810287476
5.238202810287476
5.238202810287476
5.238202810287476
5.238202810287476
5.238202810287476
5.238202810287476
5.238202810287476
5.238202810287476
5.238202810287476
5.238202810287476
5.238202810287476
5.238202810287476
5.238202810287476
5.238202810287476
5.238202810287476
5.238202810287476
5.238202810287476
5.238202810287476
5.286424279212952
5.286424279212952
5.286424279212952
5.286424279212952
5.286424279212952
5.306548833847046
5.306548833847046
5.306548833847046
5.306548833847046
5.306548833847046
5.306548833847046
5.306548833847046
5.306548833847046
5.306548833847046
5.306548833847046
5.306548833847046
5.315021991729736
5.315021991729736
5.315021991729736
5.537165284156799
5.537165284156799
5.537165284156799
5.537165284156799
5.537165284156799
5.537165284156799
5.537165284156799
5.537165284156799
5.537165284156799
5.537165284156799
5.537165284156799
5.537165284156799
5.537165284156799
5.537165284156799
5.537165284156799
5.537165284156799
5.537165284156799
5.537165284156799
5.537165284156799
5.537165284156799
5.537165284156799
5.537165284156799
5.537165284156799
5.537165284156799
5.537165284156799
5.537165284156799
5.537165284156799
5.537165284156799
5.537165284156799
5.537165284156799
5.537165284156799
5.537165284156799
5.537165284156799
5.537165284156799
5.537165284156799
5.537165284156799
5.537165284156799
5.537165284156799
5.55408775806427
5.55408775806427
5.55408775806427
5.55408775806427
5.55408775806427
5.55408775806427
5.5555219650268555
5.5555219650268555
5.5555219650268555
5.5555219650268555
5.5555219650268555
5.5555219650268555
5.5555219650268555
5.5555219650268555
5.5555219650268555
5.5555219650268555
5.5555219650268555
5.5555219650268555
5.5555219650268555
5.806262969970703
5.806262969970703
5.806262969970703
5.806262969970703
5.806262969970703
5.806262969970703
5.806262969970703
5.806262969970703
5.806262969970703
5.806262969970703
5.806262969970703
5.806262969970703
5.806262969970703
5.806262969970703
5.806262969970703
5.806262969970703
5.806262969970703
5.806262969970703
5.806262969970703
5.806262969970703
5.806262969970703
5.806262969970703
5.806262969970703
5.806262969970703
5.806262969970703
5.806262969970703
5.806262969970703
5.806262969970703
5.806262969970703
5.806262969970703
5.806262969970703
5.806262969970703
5.806262969970703
5.806262969970703
5.806262969970703
5.806262969970703
5.806262969970703
5.806262969970703
5.806262969970703
5.823185443878174
5.823185443878174
5.823185443878174
5.823185443878174
5.823185443878174
5.823185443878174
5.823185443878174
5.823185443878174
5.823185443878174
5.823185443878174
5.823185443878174
5.823185443878174
5.823185443878174
5.823185443878174
5.823185443878174
5.823185443878174
5.823185443878174
5.823185443878174
5.823185443878174
5.823185443878174
5.823185443878174
5.823185443878174
5.823185443878174
5.823185443878174
5.823185443878174
5.823185443878174
5.823185443878174
5.823185443878174
5.823185443878174
5.831658601760864
5.831658601760864
5.831658601760864
5.831658601760864
5.831658601760864
5.831658601760864
5.831658601760864
5.831658601760864
5.831658601760864
5.831658601760864
5.831658601760864
5.831658601760864
5.831658601760864
5.831658601760864
5.831658601760864
5.831658601760864
5.831658601760864
5.934692621231079
5.941863775253296
6.02430522441864
6.02430522441864
6.02430522441864
6.02430522441864
6.030712008476257
6.030712008476257
6.030712008476257
6.030712008476257
6.134837031364441
6.134837031364441
6.134837031364441
6.134837031364441
6.134837031364441
6.134837031364441
6.134837031364441
6.134837031364441
6.134837031364441
6.134837031364441
6.134837031364441
6.134837031364441
6.134837031364441
6.134837031364441
6.281142592430115
6.281142592430115
6.281142592430115
6.281142592430115
6.281142592430115
6.281142592430115
6.281142592430115
6.281142592430115
6.281142592430115
6.281142592430115
6.281142592430115
6.281142592430115
6.281142592430115
6.281142592430115
6.281142592430115
6.281142592430115
6.281142592430115
6.281142592430115
6.281142592430115
6.281142592430115
6.281142592430115
6.281142592430115
6.281142592430115
6.281142592430115
6.36897885799408
6.36897885799408
6.36897885799408
6.36897885799408
6.36897885799408
6.36897885799408
6.36897885799408
6.36897885799408
6.36897885799408
6.36897885799408
6.403934717178345
6.403934717178345
6.403934717178345
6.403934717178345
6.403934717178345
6.403934717178345
6.403934717178345
6.403934717178345
6.403934717178345
6.403934717178345
6.403934717178345
6.403934717178345
6.403934717178345
6.403934717178345
6.403934717178345
6.403934717178345
6.403934717178345
6.403934717178345
6.5502402782440186
6.5502402782440186
6.5502402782440186
6.5502402782440186
6.5502402782440186
6.5502402782440186
6.5502402782440186
6.5502402782440186
6.5502402782440186
6.5502402782440186
6.5502402782440186
6.5502402782440186
6.5502402782440186
6.5502402782440186
6.5502402782440186
6.5502402782440186
6.638076543807983
6.638076543807983
6.638076543807983
6.638076543807983
6.638076543807983
6.638076543807983
6.638076543807983
6.638076543807983
6.638076543807983
6.638076543807983
6.638076543807983
6.638076543807983
6.638076543807983
6.638076543807983
6.638076543807983
6.638076543807983
6.638076543807983
6.638076543807983
6.638076543807983
6.638076543807983
6.638076543807983
6.638076543807983
6.638076543807983
6.638076543807983
6.638076543807983
6.638076543807983
6.638076543807983
6.638076543807983
6.638076543807983
6.638076543807983
6.638076543807983
6.638076543807983
6.638076543807983
6.638076543807983
6.638076543807983
6.638076543807983
6.638076543807983
6.638076543807983
6.638076543807983
6.638076543807983
6.638076543807983
6.638076543807983
6.638076543807983
6.638076543807983
6.638076543807983
6.638076543807983
6.638076543807983
6.638076543807983
6.646549701690674
6.646549701690674
6.646549701690674
6.646549701690674
6.646549701690674
6.646549701690674
6.646549701690674
6.646549701690674
6.646549701690674
6.646549701690674
6.646549701690674
6.646549701690674
6.646549701690674
6.646549701690674
6.646549701690674
6.646549701690674
6.646549701690674
6.646549701690674
6.646549701690674
6.646549701690674
6.646549701690674
6.646549701690674
6.646549701690674
6.646549701690674
6.646549701690674
6.646549701690674
6.646549701690674
6.646549701690674
6.646549701690674
6.646549701690674
6.646549701690674
6.646549701690674
6.646549701690674
6.646549701690674
6.646549701690674
6.646549701690674
6.646549701690674
6.646549701690674
6.646549701690674
6.646549701690674
6.646549701690674
6.646549701690674
6.646549701690674
6.646549701690674
6.646549701690674
6.646549701690674
6.646549701690674
6.646549701690674
6.646549701690674
6.646549701690674
6.646549701690674
6.646549701690674
6.646549701690674
6.646549701690674
6.646549701690674
6.646549701690674
6.646549701690674
6.646549701690674
6.646549701690674
6.646549701690674
6.646549701690674
6.646549701690674
6.646549701690674
6.646549701690674
6.646549701690674
6.646549701690674
6.646549701690674
6.646549701690674
6.646549701690674
6.646549701690674
6.646549701690674
6.646549701690674
6.646549701690674
6.646549701690674
6.646549701690674
6.646549701690674
6.646549701690674
6.646549701690674
6.646549701690674
6.646549701690674
6.646549701690674
6.646549701690674
6.646549701690674
6.646549701690674
6.646549701690674
6.646549701690674
6.646549701690674
6.646549701690674
6.646549701690674
6.646549701690674
6.646549701690674
6.646549701690674
6.646549701690674
6.646549701690674
6.646549701690674
6.646549701690674
6.646549701690674
6.646549701690674
6.646549701690674
6.646549701690674
6.646549701690674
6.646549701690674
6.646549701690674
6.646549701690674
6.646549701690674
6.646549701690674
6.646549701690674
6.646549701690674
6.646549701690674
6.646549701690674
6.646549701690674
6.646549701690674
6.646549701690674
6.646549701690674
6.646549701690674
6.646549701690674
6.646549701690674
6.646549701690674
6.646549701690674
6.646549701690674
6.646549701690674
6.646549701690674
6.646549701690674
6.646549701690674
6.646549701690674
6.646549701690674
6.646549701690674
6.646549701690674
6.646549701690674
6.646549701690674
6.646549701690674
6.646549701690674
6.646549701690674
6.646549701690674
6.646549701690674
6.646549701690674
6.646549701690674
6.646549701690674
6.646549701690674
6.646549701690674
6.646549701690674
6.646549701690674
6.646549701690674
6.646549701690674
6.646549701690674
6.646549701690674
6.646549701690674
6.646549701690674
6.646549701690674
6.646549701690674
6.646549701690674
6.646549701690674
6.646549701690674
6.646549701690674
6.646549701690674
6.646549701690674
6.646549701690674
6.646549701690674
6.646549701690674
6.646549701690674
6.646549701690674
6.646549701690674
6.646549701690674
6.646549701690674
6.646549701690674
6.646549701690674
6.646549701690674
6.646549701690674
6.646549701690674
6.646549701690674
6.646549701690674
6.646549701690674
6.646549701690674
6.646549701690674
6.646549701690674
6.646549701690674
6.646549701690674
6.646549701690674
6.655560493469238
6.655560493469238
6.655560493469238
6.655560493469238
6.655560493469238
6.655560493469238
6.655560493469238
6.655560493469238
6.655560493469238
6.655560493469238
6.655560493469238
6.655560493469238
6.655560493469238
6.655560493469238
6.655560493469238
6.655560493469238
6.655560493469238
6.655560493469238
6.655560493469238
6.655560493469238
6.655560493469238
6.655560493469238
6.655560493469238
6.655560493469238
6.655560493469238
6.655560493469238
6.655560493469238
6.655560493469238
6.655560493469238
6.655560493469238
6.655560493469238
6.655560493469238
6.655560493469238
6.655560493469238
6.655560493469238
6.655560493469238
6.655560493469238
6.655560493469238
6.655560493469238
6.655560493469238
6.655560493469238
6.655560493469238
6.655560493469238
6.655560493469238
6.655560493469238
6.655560493469238
6.655560493469238
6.655560493469238
6.655560493469238
6.655560493469238
6.655560493469238
6.655560493469238
6.655560493469238
6.655560493469238
6.655560493469238
6.655560493469238
6.655560493469238
6.655560493469238
6.655560493469238
6.655560493469238
6.655560493469238
6.655560493469238
6.655560493469238
6.655560493469238
6.655560493469238
6.655560493469238
6.655560493469238
6.655560493469238
6.655560493469238
6.655560493469238
6.655560493469238
6.655560493469238
6.655560493469238
6.655560493469238
6.655560493469238
6.655560493469238
6.655560493469238
6.655560493469238
6.655560493469238
6.655560493469238
6.655560493469238
6.655560493469238
6.655560493469238
6.655560493469238
6.655560493469238
6.655560493469238
6.655560493469238
6.655560493469238
6.655560493469238
6.655560493469238
6.655560493469238
6.655560493469238
6.655560493469238
6.655560493469238
6.655560493469238
6.655560493469238
6.655560493469238
6.655560493469238
6.655560493469238
6.655560493469238
6.655560493469238
6.655560493469238
6.655560493469238
6.655560493469238
6.655560493469238
6.655560493469238
6.655560493469238
6.655560493469238
6.655560493469238
6.655560493469238
6.655560493469238
6.655560493469238
6.655560493469238
6.655560493469238
6.655560493469238
6.655560493469238
6.655560493469238
6.655560493469238
6.655560493469238
6.655560493469238
6.655560493469238
6.655560493469238
6.655560493469238
6.655560493469238
6.655560493469238
6.655560493469238
6.655560493469238
6.655560493469238
6.655560493469238
6.655560493469238
6.655560493469238
6.655560493469238
6.655560493469238
6.655560493469238
6.655560493469238
6.655560493469238
6.655560493469238
6.655560493469238
6.655560493469238
6.655560493469238
6.655560493469238
6.655560493469238
6.655560493469238
6.655560493469238
6.655560493469238
6.655560493469238
6.655560493469238
6.655560493469238
6.655560493469238
6.655560493469238
6.655560493469238
6.655560493469238
6.655560493469238
6.655560493469238
6.655560493469238
6.655560493469238
6.655560493469238
6.655560493469238
6.655560493469238
6.655560493469238
6.655560493469238
6.655560493469238
6.655560493469238
6.655560493469238
6.655560493469238
6.655560493469238
6.655560493469238
6.655560493469238
6.655560493469238
6.655560493469238
6.655560493469238
6.655560493469238
6.655560493469238
6.655560493469238
6.655560493469238
6.655560493469238
6.655560493469238
6.655560493469238
6.655560493469238
6.655560493469238
6.655560493469238
6.655560493469238
6.655560493469238
6.655560493469238
6.655560493469238
6.655560493469238
6.655560493469238
6.655560493469238
6.655560493469238
6.655560493469238
6.655560493469238
6.655560493469238
6.655560493469238
6.655560493469238
6.655560493469238
6.655560493469238
6.655560493469238
6.655560493469238
6.655560493469238
6.655560493469238
6.655560493469238
6.655560493469238
6.655560493469238
6.655560493469238
6.655560493469238
6.655560493469238
6.655560493469238
6.655560493469238
6.655560493469238
6.655560493469238
6.655560493469238
6.655560493469238
6.655560493469238
6.655560493469238
6.655560493469238
6.655560493469238
6.655560493469238
6.655560493469238
6.655560493469238
6.655560493469238
6.655560493469238
6.655560493469238
6.655560493469238
6.655560493469238
6.655560493469238
6.655560493469238
6.655560493469238
6.655560493469238
6.655560493469238
6.655560493469238
6.655560493469238
6.655560493469238
6.655560493469238
6.655560493469238
6.655560493469238
6.655560493469238
6.655560493469238
6.655560493469238
6.655560493469238
6.655560493469238
6.655560493469238
6.655560493469238
6.655560493469238
6.655560493469238
6.655560493469238
6.655560493469238
6.655560493469238
6.655560493469238
6.655560493469238
6.655560493469238
6.655560493469238
6.655560493469238
6.655560493469238
6.655560493469238
6.655560493469238
6.655560493469238
6.655560493469238
6.655560493469238
6.655560493469238
6.655560493469238
6.655560493469238
6.655560493469238
6.655560493469238
6.655560493469238
6.655560493469238
6.655560493469238
6.655560493469238
6.655560493469238
6.655560493469238
6.655560493469238
6.655560493469238
6.655560493469238
6.655560493469238
6.655560493469238
6.655560493469238
6.655560493469238
6.655560493469238
6.655560493469238
6.655560493469238
6.655560493469238
6.655560493469238
6.655560493469238
6.655560493469238
6.655560493469238
6.655560493469238
6.655560493469238
6.655560493469238
6.655560493469238
6.655560493469238
6.655560493469238
6.655560493469238
6.655560493469238
6.655560493469238
6.655560493469238
6.655560493469238
6.655560493469238
6.655560493469238
6.655560493469238
6.655560493469238
6.655560493469238
6.655560493469238
6.655560493469238
6.655560493469238
6.655560493469238
6.655560493469238
6.655560493469238
6.655560493469238
6.655560493469238
6.655560493469238
6.655560493469238
6.655560493469238
6.655560493469238
6.655560493469238
6.655560493469238
6.655560493469238
6.655560493469238
6.655560493469238
6.655560493469238
6.655560493469238
6.655560493469238
6.655560493469238
6.655560493469238
6.655560493469238
6.655560493469238
6.655560493469238
6.655560493469238
6.655560493469238
6.655560493469238
6.655560493469238
6.655560493469238
6.655560493469238
6.655560493469238
6.655560493469238
6.655560493469238
6.655560493469238
6.655560493469238
6.655560493469238
6.655560493469238
6.655560493469238
6.655560493469238
6.655560493469238
6.655560493469238
6.655560493469238
6.655560493469238
6.655560493469238
6.655560493469238
6.655560493469238
6.655560493469238
6.655560493469238
6.655560493469238
6.655560493469238
6.655560493469238
6.655560493469238
6.655560493469238
6.655560493469238
6.655560493469238
6.655560493469238
6.655560493469238
6.655560493469238
6.655560493469238
6.655560493469238
6.655560493469238
6.655560493469238
6.655560493469238
6.655560493469238
6.655560493469238
6.655560493469238
6.655560493469238
6.655560493469238
6.655560493469238
6.655560493469238
6.655560493469238
6.655560493469238
6.655560493469238
6.655560493469238
6.655560493469238
6.655560493469238
6.655560493469238
6.655560493469238
6.655560493469238
6.655560493469238
6.655560493469238
6.655560493469238
6.655560493469238
6.655560493469238
6.655560493469238
6.655560493469238
6.655560493469238
6.655560493469238
6.655560493469238
6.655560493469238
6.655560493469238
6.655560493469238
6.655560493469238
6.655560493469238
6.655560493469238
6.655560493469238
6.655560493469238
6.655560493469238
6.655560493469238
6.655560493469238
6.655560493469238
6.655560493469238
6.655560493469238
6.655560493469238
6.655560493469238
6.655560493469238
6.655560493469238
6.655560493469238
6.655560493469238
6.655560493469238
6.655560493469238
6.655560493469238
6.655560493469238
6.655560493469238
6.655560493469238
6.655560493469238
6.655560493469238
6.655560493469238
6.655560493469238
6.655560493469238
6.655560493469238
6.655560493469238
6.655560493469238
6.655560493469238
6.655560493469238
6.655560493469238
6.655560493469238
6.655560493469238
6.655560493469238
6.655560493469238
6.655560493469238
6.655560493469238
6.655560493469238
6.655560493469238
6.655560493469238
6.655560493469238
6.655560493469238
6.655560493469238
6.655560493469238
6.655560493469238
6.655560493469238
6.655560493469238
6.655560493469238
6.655560493469238
6.655560493469238
6.655560493469238
6.655560493469238
6.655560493469238
6.655560493469238
6.655560493469238
6.655560493469238
6.655560493469238
6.655560493469238
6.655560493469238
6.655560493469238
6.655560493469238
6.655560493469238
6.655560493469238
6.655560493469238
6.655560493469238
6.655560493469238
6.655560493469238
6.655560493469238
6.655560493469238
6.655560493469238
6.655560493469238
6.655560493469238
6.655560493469238
6.655560493469238
6.655560493469238
6.655560493469238
6.655560493469238
6.655560493469238
6.655560493469238
6.655560493469238
6.655560493469238
6.655560493469238
6.655560493469238
6.655560493469238
6.655560493469238
6.655560493469238
6.655560493469238
6.655560493469238
6.655560493469238
6.655560493469238
6.655560493469238
6.655560493469238
6.655560493469238
6.655560493469238
6.655560493469238
6.655560493469238
6.655560493469238
6.655560493469238
6.655560493469238
6.655560493469238
6.655560493469238
6.655560493469238
6.655560493469238
6.655560493469238
6.655560493469238
6.655560493469238
6.655560493469238
6.655560493469238
6.655560493469238
6.655560493469238
6.655560493469238
6.655560493469238
6.655560493469238
6.655560493469238
6.655560493469238
6.655560493469238
6.655560493469238
6.655560493469238
6.655560493469238
6.655560493469238
6.655560493469238
6.655560493469238
6.655560493469238
6.655560493469238
6.655560493469238
6.655560493469238
6.655560493469238
6.655560493469238
6.655560493469238
6.655560493469238
6.655560493469238
6.655560493469238
6.655560493469238
6.655560493469238
6.655560493469238
6.655560493469238
6.655560493469238
6.655560493469238
6.655560493469238
6.655560493469238
6.655560493469238
6.655560493469238
6.655560493469238
6.655560493469238
6.655560493469238
6.655560493469238
6.655560493469238
6.655560493469238
6.655560493469238
6.655560493469238
6.655560493469238
6.655560493469238
6.655560493469238
6.655560493469238
6.655560493469238
6.655560493469238
6.655560493469238
6.655560493469238
6.655560493469238
6.655560493469238
6.655560493469238
6.655560493469238
6.655560493469238
6.655560493469238
6.655560493469238
6.655560493469238
6.655560493469238
6.655560493469238
6.655560493469238
6.655560493469238
6.655560493469238
6.655560493469238
6.655560493469238
6.655560493469238
6.655560493469238
6.655560493469238
6.655560493469238
6.655560493469238
6.655560493469238
6.655560493469238
6.655560493469238
6.655560493469238
6.655560493469238
6.655560493469238
6.655560493469238
6.655560493469238
6.655560493469238
6.655560493469238
6.655560493469238
6.655560493469238
6.655560493469238
6.655560493469238
6.655560493469238
6.655560493469238
6.655560493469238
6.655560493469238
6.655560493469238
6.655560493469238
6.655560493469238
6.655560493469238
6.655560493469238
6.655560493469238
6.655560493469238
6.655560493469238
6.655560493469238
6.655560493469238
6.655560493469238
6.655560493469238
6.655560493469238
6.655560493469238
6.655560493469238
6.655560493469238
6.655560493469238
6.655560493469238
6.655560493469238
6.655560493469238
6.655560493469238
6.655560493469238
6.655560493469238
6.655560493469238
6.655560493469238
6.655560493469238
6.655560493469238
6.655560493469238
6.655560493469238
6.655560493469238
6.655560493469238
6.655560493469238
6.655560493469238
6.655560493469238
6.655560493469238
6.655560493469238
6.655560493469238
6.655560493469238
6.655560493469238
6.655560493469238
6.655560493469238
6.655560493469238
6.655560493469238
6.655560493469238
6.655560493469238
6.655560493469238
6.655560493469238
6.655560493469238
6.655560493469238
6.655560493469238
6.655560493469238
6.655560493469238
6.655560493469238
6.655560493469238
6.655560493469238
6.655560493469238
6.655560493469238
6.655560493469238
6.655560493469238
6.655560493469238
6.655560493469238
6.655560493469238
6.655560493469238
6.655560493469238
6.655560493469238
6.655560493469238
6.655560493469238
6.655560493469238
6.655560493469238
6.655560493469238
6.655560493469238
6.655560493469238
6.655560493469238
6.655560493469238
6.655560493469238
6.655560493469238
6.655560493469238
6.655560493469238
6.655560493469238
6.655560493469238
6.655560493469238
6.655560493469238
6.655560493469238
6.655560493469238
6.655560493469238
6.655560493469238
6.655560493469238
6.655560493469238
6.655560493469238
6.655560493469238
6.655560493469238
6.655560493469238
6.655560493469238
6.655560493469238
6.655560493469238
6.655560493469238
6.655560493469238
6.655560493469238
6.655560493469238
6.655560493469238
6.655560493469238
6.655560493469238
6.655560493469238
6.655560493469238
6.655560493469238
6.655560493469238
6.655560493469238
6.655560493469238
6.655560493469238
6.655560493469238
6.655560493469238
6.655560493469238
6.655560493469238
6.655560493469238
6.655560493469238
6.655560493469238
6.655560493469238
6.655560493469238
6.655560493469238
6.655560493469238
6.655560493469238
6.655560493469238
6.655560493469238
6.655560493469238
6.655560493469238
6.655560493469238
6.655560493469238
6.655560493469238
6.655560493469238
6.655560493469238
6.655560493469238
6.655560493469238
6.655560493469238
6.655560493469238
6.655560493469238
6.655560493469238
6.655560493469238
6.655560493469238
6.655560493469238
6.655560493469238
6.655560493469238
6.655560493469238
6.655560493469238
6.655560493469238
6.655560493469238
6.655560493469238
6.655560493469238
6.655560493469238
6.655560493469238
6.655560493469238
6.655560493469238
6.655560493469238
6.655560493469238
6.655560493469238
6.655560493469238
6.655560493469238
6.655560493469238
6.655560493469238
6.655560493469238
6.655560493469238
6.655560493469238
6.655560493469238
6.655560493469238
6.655560493469238
6.655560493469238
6.655560493469238
6.655560493469238
6.655560493469238
6.655560493469238
6.655560493469238
6.655560493469238
6.655560493469238
6.655560493469238
6.655560493469238
6.655560493469238
6.655560493469238
6.655560493469238
6.655560493469238
6.655560493469238
6.655560493469238
6.655560493469238
6.655560493469238
6.655560493469238
6.655560493469238
6.655560493469238
6.655560493469238
6.655560493469238
6.655560493469238
6.655560493469238
6.655560493469238
6.655560493469238
6.655560493469238
6.655560493469238
6.655560493469238
6.655560493469238
6.655560493469238
6.655560493469238
6.655560493469238
6.655560493469238
6.655560493469238
6.655560493469238
6.655560493469238
6.655560493469238
6.655560493469238
6.655560493469238
6.655560493469238
6.655560493469238
6.655560493469238
6.655560493469238
6.655560493469238
6.655560493469238
6.655560493469238
6.655560493469238
6.655560493469238
6.655560493469238
6.655560493469238
6.655560493469238
6.655560493469238
6.655560493469238
6.655560493469238
6.655560493469238
6.655560493469238
6.655560493469238
6.655560493469238
6.655560493469238
6.655560493469238
6.655560493469238
6.655560493469238
6.655560493469238
6.655560493469238
6.655560493469238
6.655560493469238
6.655560493469238
6.655560493469238
6.655560493469238
6.655560493469238
6.655560493469238
6.655560493469238
6.655560493469238
6.655560493469238
6.655560493469238
6.655560493469238
6.655560493469238
6.655560493469238
6.655560493469238
6.655560493469238
6.655560493469238
6.655560493469238
6.655560493469238
6.655560493469238
6.655560493469238
6.655560493469238
6.655560493469238
6.655560493469238
6.655560493469238
6.655560493469238
6.655560493469238
6.655560493469238
6.655560493469238
6.655560493469238
6.655560493469238
6.655560493469238
6.655560493469238
6.655560493469238
6.655560493469238
6.655560493469238
6.655560493469238
6.655560493469238
6.655560493469238
6.655560493469238
6.655560493469238
6.655560493469238
6.655560493469238
6.655560493469238
6.655560493469238
6.655560493469238
6.655560493469238
6.655560493469238
6.655560493469238
6.655560493469238
6.655560493469238
6.655560493469238
6.655560493469238
6.655560493469238
6.655560493469238
6.655560493469238
6.655560493469238
6.655560493469238
6.655560493469238
6.655560493469238
6.655560493469238
6.655560493469238
6.655560493469238
6.655560493469238
6.655560493469238
6.655560493469238
6.655560493469238
6.655560493469238
6.655560493469238
6.655560493469238
6.655560493469238
6.655560493469238
6.655560493469238
6.655560493469238
6.655560493469238
6.655560493469238
6.655560493469238
6.655560493469238
6.655560493469238
6.655560493469238
6.655560493469238
6.655560493469238
6.655560493469238
6.655560493469238
6.655560493469238
6.655560493469238
6.655560493469238
6.655560493469238
6.655560493469238
6.655560493469238
6.655560493469238
6.655560493469238
6.655560493469238
6.655560493469238
6.655560493469238
6.655560493469238
6.655560493469238
6.655560493469238
6.655560493469238
6.655560493469238
6.655560493469238
6.655560493469238
6.655560493469238
6.655560493469238
6.655560493469238
6.655560493469238
6.655560493469238
6.655560493469238
6.655560493469238
6.655560493469238
6.655560493469238
6.655560493469238
6.655560493469238
6.655560493469238
6.655560493469238
6.655560493469238
6.655560493469238
6.655560493469238
6.655560493469238
6.655560493469238
6.655560493469238
6.655560493469238
6.655560493469238
6.655560493469238
6.655560493469238
6.655560493469238
6.655560493469238
6.655560493469238
6.655560493469238
6.655560493469238
6.655560493469238
6.655560493469238
6.655560493469238
6.655560493469238
6.655560493469238
6.655560493469238
6.655560493469238
6.655560493469238
6.655560493469238
6.655560493469238
6.655560493469238
6.655560493469238
6.655560493469238
6.655560493469238
6.655560493469238
6.655560493469238
6.655560493469238
6.655560493469238
6.655560493469238
6.655560493469238
6.655560493469238
6.655560493469238
6.655560493469238
6.655560493469238
6.655560493469238
6.655560493469238
6.655560493469238
6.655560493469238
6.655560493469238
6.655560493469238
6.655560493469238
6.655560493469238
6.655560493469238
6.655560493469238
6.655560493469238
6.655560493469238
6.655560493469238
6.655560493469238
6.655560493469238
6.655560493469238
6.655560493469238
6.655560493469238
6.655560493469238
6.655560493469238
6.655560493469238
6.655560493469238
6.655560493469238
6.655560493469238
6.655560493469238
6.655560493469238
6.655560493469238
6.655560493469238
6.655560493469238
6.655560493469238
6.655560493469238
6.655560493469238
6.655560493469238
6.655560493469238
6.655560493469238
6.655560493469238
6.655560493469238
6.655560493469238
6.655560493469238
6.655560493469238
6.655560493469238
6.655560493469238
6.655560493469238
6.655560493469238
6.655560493469238
6.655560493469238
6.655560493469238
6.655560493469238
6.655560493469238
6.655560493469238
6.655560493469238
6.655560493469238
6.655560493469238
6.655560493469238
6.655560493469238
6.655560493469238
6.655560493469238
6.655560493469238
6.655560493469238
6.655560493469238
6.655560493469238
6.655560493469238
6.655560493469238
6.655560493469238
6.655560493469238
6.655560493469238
6.655560493469238
6.655560493469238
6.655560493469238
6.655560493469238
6.655560493469238
6.655560493469238
6.655560493469238
6.655560493469238
6.655560493469238
6.655560493469238
6.655560493469238
6.655560493469238
6.655560493469238
6.655560493469238
6.655560493469238
6.655560493469238
6.655560493469238
6.655560493469238
6.655560493469238
6.655560493469238
6.655560493469238
6.655560493469238
6.655560493469238
6.655560493469238
6.655560493469238
6.655560493469238
6.655560493469238
6.655560493469238
6.655560493469238
6.655560493469238
6.655560493469238
6.655560493469238
6.655560493469238
6.655560493469238
6.655560493469238
6.655560493469238
6.655560493469238
6.655560493469238
6.655560493469238
6.655560493469238
6.655560493469238
6.655560493469238
6.655560493469238
6.655560493469238
6.655560493469238
6.655560493469238
6.655560493469238
6.655560493469238
6.655560493469238
6.655560493469238
6.655560493469238
6.655560493469238
6.655560493469238
6.655560493469238
6.655560493469238
6.655560493469238
6.655560493469238
6.655560493469238
6.655560493469238
6.655560493469238
6.655560493469238
6.655560493469238
6.655560493469238
6.655560493469238
6.655560493469238
6.655560493469238
6.655560493469238
6.655560493469238
6.655560493469238
6.655560493469238
6.655560493469238
6.655560493469238
6.655560493469238
6.655560493469238
6.655560493469238
6.655560493469238
6.655560493469238
6.655560493469238
6.655560493469238
6.655560493469238
6.655560493469238
6.655560493469238
6.655560493469238
6.655560493469238
6.655560493469238
6.655560493469238
6.655560493469238
6.655560493469238
6.655560493469238
6.655560493469238
6.655560493469238
6.655560493469238
6.655560493469238
6.655560493469238
6.655560493469238
6.655560493469238
6.655560493469238
6.655560493469238
6.655560493469238
6.655560493469238
6.655560493469238
6.655560493469238
6.655560493469238
6.655560493469238
6.655560493469238
6.655560493469238
6.655560493469238
6.655560493469238
6.655560493469238
6.655560493469238
6.655560493469238
6.655560493469238
6.655560493469238
6.655560493469238
6.655560493469238
6.655560493469238
6.655560493469238
6.655560493469238
6.655560493469238
6.655560493469238
6.655560493469238
6.655560493469238
6.655560493469238
6.655560493469238
6.655560493469238
6.655560493469238
6.655560493469238
6.655560493469238
6.655560493469238
6.655560493469238
6.655560493469238
6.655560493469238
6.655560493469238
6.655560493469238
6.655560493469238
6.655560493469238
6.655560493469238
6.655560493469238
6.655560493469238
6.655560493469238
6.655560493469238
6.655560493469238
6.655560493469238
6.655560493469238
6.655560493469238
6.655560493469238
6.655560493469238
6.655560493469238
6.655560493469238
6.655560493469238
6.655560493469238
6.655560493469238
6.655560493469238
6.655560493469238
6.655560493469238
6.655560493469238
6.655560493469238
6.655560493469238
6.655560493469238
6.655560493469238
6.655560493469238
6.655560493469238
6.655560493469238
6.655560493469238
6.655560493469238
6.655560493469238
6.655560493469238
6.655560493469238
6.655560493469238
6.655560493469238
6.655560493469238
6.655560493469238
6.655560493469238
6.655560493469238
6.655560493469238
6.655560493469238
6.655560493469238
6.655560493469238
6.655560493469238
6.655560493469238
6.655560493469238
6.655560493469238
6.655560493469238
6.655560493469238
6.655560493469238
6.655560493469238
6.655560493469238
6.655560493469238
6.655560493469238
6.655560493469238
6.655560493469238
6.655560493469238
6.655560493469238
6.655560493469238
6.655560493469238
6.655560493469238
6.655560493469238
6.655560493469238
6.655560493469238
6.655560493469238
6.655560493469238
6.655560493469238
6.655560493469238
6.655560493469238
6.655560493469238
6.655560493469238
6.655560493469238
6.655560493469238
6.655560493469238
6.655560493469238
6.655560493469238
6.655560493469238
6.655560493469238
6.655560493469238
6.655560493469238
6.655560493469238
6.655560493469238
6.655560493469238
6.655560493469238
6.655560493469238
6.655560493469238
6.655560493469238
6.655560493469238
6.655560493469238
6.655560493469238
6.655560493469238
6.655560493469238
6.655560493469238
6.655560493469238
6.655560493469238
6.655560493469238
6.655560493469238
6.655560493469238
6.655560493469238
6.655560493469238
6.655560493469238
6.655560493469238
6.655560493469238
6.655560493469238
6.655560493469238
6.655560493469238
6.655560493469238
6.655560493469238
6.655560493469238
6.655560493469238
6.655560493469238
6.655560493469238
6.655560493469238
6.655560493469238
6.655560493469238
6.655560493469238
6.655560493469238
6.655560493469238
6.655560493469238
6.655560493469238
6.655560493469238
6.655560493469238
6.655560493469238
6.655560493469238
6.655560493469238
6.655560493469238
6.655560493469238
6.655560493469238
6.655560493469238
6.655560493469238
6.655560493469238
6.655560493469238
6.655560493469238
6.655560493469238
6.655560493469238
6.655560493469238
6.655560493469238
6.655560493469238
6.655560493469238
6.655560493469238
6.655560493469238
6.655560493469238
6.655560493469238
6.655560493469238
6.655560493469238
6.655560493469238
6.655560493469238
6.655560493469238
6.655560493469238
6.655560493469238
6.655560493469238
6.655560493469238
6.655560493469238
6.655560493469238
6.655560493469238
6.655560493469238
6.655560493469238
6.655560493469238
6.655560493469238
6.655560493469238
6.655560493469238
6.655560493469238
6.655560493469238
6.655560493469238
6.655560493469238
6.655560493469238
6.655560493469238
6.655560493469238
6.655560493469238
6.655560493469238
6.655560493469238
6.655560493469238
6.655560493469238
6.655560493469238
6.655560493469238
6.655560493469238
6.655560493469238
6.655560493469238
6.655560493469238
6.655560493469238
6.655560493469238
6.655560493469238
6.655560493469238
6.655560493469238
6.655560493469238
6.655560493469238
6.655560493469238
6.655560493469238
6.655560493469238
6.655560493469238
6.655560493469238
6.655560493469238
6.655560493469238
6.655560493469238
6.655560493469238
6.655560493469238
6.655560493469238
6.655560493469238
6.655560493469238
6.655560493469238
6.655560493469238
6.655560493469238
6.655560493469238
6.655560493469238
6.655560493469238
6.655560493469238
6.655560493469238
6.655560493469238
6.655560493469238
6.655560493469238
6.655560493469238
6.655560493469238
6.655560493469238
6.655560493469238
6.655560493469238
6.655560493469238
6.655560493469238
6.655560493469238
6.655560493469238
6.655560493469238
6.655560493469238
6.655560493469238
6.655560493469238
6.655560493469238
6.655560493469238
6.655560493469238
6.655560493469238
6.655560493469238
6.655560493469238
6.655560493469238
6.655560493469238
6.655560493469238
6.655560493469238
6.655560493469238
6.655560493469238
6.655560493469238
6.655560493469238
6.655560493469238
6.655560493469238
6.655560493469238
6.655560493469238
6.655560493469238
6.655560493469238
6.655560493469238
6.655560493469238
6.655560493469238
6.655560493469238
6.655560493469238
6.655560493469238
6.655560493469238
6.655560493469238
6.655560493469238
6.655560493469238
6.655560493469238
6.655560493469238
6.655560493469238
6.655560493469238
6.655560493469238
6.655560493469238
6.655560493469238
6.655560493469238
6.655560493469238
6.655560493469238
6.655560493469238
6.655560493469238
6.655560493469238
6.655560493469238
6.655560493469238
6.655560493469238
6.655560493469238
6.655560493469238
6.655560493469238
6.655560493469238
6.655560493469238
6.655560493469238
6.655560493469238
6.655560493469238
6.655560493469238
6.655560493469238
6.655560493469238
6.655560493469238
6.655560493469238
6.655560493469238
6.655560493469238
6.655560493469238
6.655560493469238
6.655560493469238
6.655560493469238
6.655560493469238
6.655560493469238
6.655560493469238
6.655560493469238
6.655560493469238
6.655560493469238
6.655560493469238
6.655560493469238
6.655560493469238
6.655560493469238
6.655560493469238
6.655560493469238
6.655560493469238
6.655560493469238
6.655560493469238
6.655560493469238
6.655560493469238
6.655560493469238
6.655560493469238
6.655560493469238
6.655560493469238
6.655560493469238
6.655560493469238
6.655560493469238
6.655560493469238
6.655560493469238
6.655560493469238
6.655560493469238
6.655560493469238
6.655560493469238
6.655560493469238
6.655560493469238
6.655560493469238
6.655560493469238
6.655560493469238
6.655560493469238
6.655560493469238
6.655560493469238
6.655560493469238
6.655560493469238
6.655560493469238
6.655560493469238
6.655560493469238
6.655560493469238
6.655560493469238
6.655560493469238
6.655560493469238
6.655560493469238
6.655560493469238
6.655560493469238
6.655560493469238
6.655560493469238
6.655560493469238
6.655560493469238
6.655560493469238
6.655560493469238
6.655560493469238
6.655560493469238
6.655560493469238
6.655560493469238
6.655560493469238
6.655560493469238
6.655560493469238
6.655560493469238
6.655560493469238
6.655560493469238
6.655560493469238
6.655560493469238
6.655560493469238
6.655560493469238
6.655560493469238
6.655560493469238
6.655560493469238
6.655560493469238
6.655560493469238
6.655560493469238
6.655560493469238
6.655560493469238
6.655560493469238
6.655560493469238
6.655560493469238
6.655560493469238
6.655560493469238
6.655560493469238
6.655560493469238
6.655560493469238
6.655560493469238
6.655560493469238
6.655560493469238
6.655560493469238
6.655560493469238
6.655560493469238
6.655560493469238
6.655560493469238
6.655560493469238
6.655560493469238
6.655560493469238
6.655560493469238
6.655560493469238
6.655560493469238
6.655560493469238
6.655560493469238
6.655560493469238
6.655560493469238
6.655560493469238
6.655560493469238
6.655560493469238
6.655560493469238
6.655560493469238
6.655560493469238
6.655560493469238
6.655560493469238
6.655560493469238
6.655560493469238
6.655560493469238
6.655560493469238
6.655560493469238
6.655560493469238
6.655560493469238
6.655560493469238
6.655560493469238
6.655560493469238
6.655560493469238
6.655560493469238
6.655560493469238
6.655560493469238
6.655560493469238
6.655560493469238
6.655560493469238
6.655560493469238
6.655560493469238
6.655560493469238
6.655560493469238
6.655560493469238
6.655560493469238
6.655560493469238
6.655560493469238
6.655560493469238
6.655560493469238
6.655560493469238
6.655560493469238
6.655560493469238
6.655560493469238
6.655560493469238
6.655560493469238
6.655560493469238
6.655560493469238
6.655560493469238
6.655560493469238
6.655560493469238
6.655560493469238
6.655560493469238
6.655560493469238
6.655560493469238
6.655560493469238
6.655560493469238
6.655560493469238
6.655560493469238
6.655560493469238
6.655560493469238
6.655560493469238
6.655560493469238
6.655560493469238
6.655560493469238
6.655560493469238
6.655560493469238
6.655560493469238
6.655560493469238
6.655560493469238
6.655560493469238
6.655560493469238
6.655560493469238
6.655560493469238
6.655560493469238
6.655560493469238
6.655560493469238
6.655560493469238
6.655560493469238
6.655560493469238
6.655560493469238
6.655560493469238
6.655560493469238
6.655560493469238
6.655560493469238
6.655560493469238
6.655560493469238
6.655560493469238
6.655560493469238
6.655560493469238
6.655560493469238
6.655560493469238
6.655560493469238
6.655560493469238
6.655560493469238
6.655560493469238
6.655560493469238
6.655560493469238
6.655560493469238
6.655560493469238
6.655560493469238
6.655560493469238
6.655560493469238
6.655560493469238
6.655560493469238
6.655560493469238
6.655560493469238
6.655560493469238
6.655560493469238
6.655560493469238
6.655560493469238
6.655560493469238
6.655560493469238
6.655560493469238
6.655560493469238
6.655560493469238
6.655560493469238
6.655560493469238
6.655560493469238
6.655560493469238
6.655560493469238
6.655560493469238
6.655560493469238
6.655560493469238
6.655560493469238
6.655560493469238
6.655560493469238
6.655560493469238
6.655560493469238
6.655560493469238
6.655560493469238
6.655560493469238
6.655560493469238
6.655560493469238
6.655560493469238
6.655560493469238
6.655560493469238
6.655560493469238
6.655560493469238
6.655560493469238
6.655560493469238
6.655560493469238
6.655560493469238
6.655560493469238
6.655560493469238
6.655560493469238
6.655560493469238
6.655560493469238
6.655560493469238
6.655560493469238
6.655560493469238
6.655560493469238
6.655560493469238
6.655560493469238
6.655560493469238
6.655560493469238
6.655560493469238
6.655560493469238
6.655560493469238
6.655560493469238
6.655560493469238
6.655560493469238
6.655560493469238
6.655560493469238
6.655560493469238
6.655560493469238
6.655560493469238
6.655560493469238
6.655560493469238
6.655560493469238
6.655560493469238
6.655560493469238
6.655560493469238
6.655560493469238
6.655560493469238
6.655560493469238
6.655560493469238
6.655560493469238
6.655560493469238
6.655560493469238
6.655560493469238
6.655560493469238
6.655560493469238
6.655560493469238
6.655560493469238
6.655560493469238
6.655560493469238
6.655560493469238
6.655560493469238
6.655560493469238
6.655560493469238
6.655560493469238
6.655560493469238
6.655560493469238
6.655560493469238
6.655560493469238
6.655560493469238
6.655560493469238
6.655560493469238
6.655560493469238
6.655560493469238
6.655560493469238
6.655560493469238
6.655560493469238
6.655560493469238
6.655560493469238
6.655560493469238
6.655560493469238
6.655560493469238
6.655560493469238
6.655560493469238
6.655560493469238
6.655560493469238
6.655560493469238
6.655560493469238
6.655560493469238
6.655560493469238
6.655560493469238
6.655560493469238
6.655560493469238
6.655560493469238
6.655560493469238
6.655560493469238
6.655560493469238
6.655560493469238
6.655560493469238
6.655560493469238
6.655560493469238
6.655560493469238
6.655560493469238
6.655560493469238
6.655560493469238
6.655560493469238
6.655560493469238
6.655560493469238
6.655560493469238
6.655560493469238
6.655560493469238
6.655560493469238
6.655560493469238
6.655560493469238
6.655560493469238
6.655560493469238
6.655560493469238
6.655560493469238
6.655560493469238
6.655560493469238
6.655560493469238
6.655560493469238
6.655560493469238
6.655560493469238
6.655560493469238
6.655560493469238
6.655560493469238
6.655560493469238
6.655560493469238
6.655560493469238
6.655560493469238
6.655560493469238
6.655560493469238
6.655560493469238
6.655560493469238
6.655560493469238
6.655560493469238
6.655560493469238
6.655560493469238
6.655560493469238
6.655560493469238
6.655560493469238
6.655560493469238
6.655560493469238
6.655560493469238
6.655560493469238
6.655560493469238
6.655560493469238
6.655560493469238
6.655560493469238
6.655560493469238
6.655560493469238
6.655560493469238
6.655560493469238
6.655560493469238
6.655560493469238
6.655560493469238
6.655560493469238
6.655560493469238
6.655560493469238
6.655560493469238
6.655560493469238
6.655560493469238
6.655560493469238
6.655560493469238
6.655560493469238
6.655560493469238
6.655560493469238
6.655560493469238
6.655560493469238
6.655560493469238
6.655560493469238
6.655560493469238
6.655560493469238
6.655560493469238
6.655560493469238
6.655560493469238
6.655560493469238
6.655560493469238
6.655560493469238
6.655560493469238
6.655560493469238
6.655560493469238
6.655560493469238
6.655560493469238
6.655560493469238
6.655560493469238
6.655560493469238
6.655560493469238
6.655560493469238
6.655560493469238
6.655560493469238
6.655560493469238
6.655560493469238
6.655560493469238
6.655560493469238
6.655560493469238
6.655560493469238
6.655560493469238
6.655560493469238
6.655560493469238
6.655560493469238
6.655560493469238
6.655560493469238
6.655560493469238
6.655560493469238
6.655560493469238
6.655560493469238
6.655560493469238
6.655560493469238
6.655560493469238
6.655560493469238
6.655560493469238
6.655560493469238
6.655560493469238
6.655560493469238
6.655560493469238
6.655560493469238
6.655560493469238
6.655560493469238
6.655560493469238
6.655560493469238
6.655560493469238
6.655560493469238
6.655560493469238
6.655560493469238
6.655560493469238
6.655560493469238
6.655560493469238
6.655560493469238
6.655560493469238
6.655560493469238
6.655560493469238
6.655560493469238
6.655560493469238
6.655560493469238
6.655560493469238
6.655560493469238
6.655560493469238
6.655560493469238
6.655560493469238
6.655560493469238
6.655560493469238
6.655560493469238
6.655560493469238
6.655560493469238
6.655560493469238
6.655560493469238
6.655560493469238
6.655560493469238
6.655560493469238
6.655560493469238
6.655560493469238
6.655560493469238
6.655560493469238
6.655560493469238
6.655560493469238
6.655560493469238
6.655560493469238
6.655560493469238
6.655560493469238
6.655560493469238
6.655560493469238
6.655560493469238
6.655560493469238
6.655560493469238
6.655560493469238
6.655560493469238
6.655560493469238
6.655560493469238
6.655560493469238
6.655560493469238
6.655560493469238
6.655560493469238
6.655560493469238
6.655560493469238
6.655560493469238
6.655560493469238
6.655560493469238
6.655560493469238
6.655560493469238
6.655560493469238
6.655560493469238
6.655560493469238
6.655560493469238
6.655560493469238
6.655560493469238
6.655560493469238
6.655560493469238
6.655560493469238
6.655560493469238
6.655560493469238
6.655560493469238
6.655560493469238
6.655560493469238
6.655560493469238
6.655560493469238
6.655560493469238
6.655560493469238
6.655560493469238
6.655560493469238
6.655560493469238
6.655560493469238
6.655560493469238
6.655560493469238
6.655560493469238
6.655560493469238
6.655560493469238
6.655560493469238
6.655560493469238
6.655560493469238
6.655560493469238
6.655560493469238
6.655560493469238
6.655560493469238
6.655560493469238
6.655560493469238
6.655560493469238
6.655560493469238
6.655560493469238
6.655560493469238
6.655560493469238
6.655560493469238
6.655560493469238
6.655560493469238
6.655560493469238
6.655560493469238
6.655560493469238
6.655560493469238
6.655560493469238
6.655560493469238
6.655560493469238
6.655560493469238
6.655560493469238
6.655560493469238
6.655560493469238
6.655560493469238
6.655560493469238
6.655560493469238
6.655560493469238
6.655560493469238
6.655560493469238
6.655560493469238
6.655560493469238
6.655560493469238
6.655560493469238
6.655560493469238
6.655560493469238
6.655560493469238
6.655560493469238
6.655560493469238
6.655560493469238
6.655560493469238
6.655560493469238
6.655560493469238
6.655560493469238
6.655560493469238
6.655560493469238
6.655560493469238
6.655560493469238
6.655560493469238
6.655560493469238
6.655560493469238
6.655560493469238
6.655560493469238
6.655560493469238
6.655560493469238
6.655560493469238
6.655560493469238
6.655560493469238
6.655560493469238
6.655560493469238
6.655560493469238
6.655560493469238
6.655560493469238
6.655560493469238
6.655560493469238
6.655560493469238
6.655560493469238
6.655560493469238
6.655560493469238
6.655560493469238
6.655560493469238
6.655560493469238
6.655560493469238
6.655560493469238
6.655560493469238
6.655560493469238
6.655560493469238
6.655560493469238
6.655560493469238
6.655560493469238
6.655560493469238
6.655560493469238
6.655560493469238
6.655560493469238
6.655560493469238
6.655560493469238
6.655560493469238
6.655560493469238
6.655560493469238
6.655560493469238
6.655560493469238
6.655560493469238
6.655560493469238
6.655560493469238
6.655560493469238
6.655560493469238
6.655560493469238
6.655560493469238
6.655560493469238
6.655560493469238
6.655560493469238
6.655560493469238
6.655560493469238
6.655560493469238
6.655560493469238
6.655560493469238
6.655560493469238
6.655560493469238
6.655560493469238
6.655560493469238
6.655560493469238
6.655560493469238
6.655560493469238
6.655560493469238
6.655560493469238
6.655560493469238
6.655560493469238
6.655560493469238
6.655560493469238
6.655560493469238
6.655560493469238
6.655560493469238
6.655560493469238
6.655560493469238
6.655560493469238
6.655560493469238
6.655560493469238
6.655560493469238
6.655560493469238
6.655560493469238
6.655560493469238
6.655560493469238
6.655560493469238
6.655560493469238
6.655560493469238
6.655560493469238
6.655560493469238
6.655560493469238
6.655560493469238
6.655560493469238
6.655560493469238
6.655560493469238
6.655560493469238
6.655560493469238
6.655560493469238
6.655560493469238
6.655560493469238
6.655560493469238
6.655560493469238
6.655560493469238
6.655560493469238
6.655560493469238
6.655560493469238
6.655560493469238
6.655560493469238
6.655560493469238
6.655560493469238
6.655560493469238
6.655560493469238
6.655560493469238
6.655560493469238
6.655560493469238
6.655560493469238
6.655560493469238
6.655560493469238
6.655560493469238
6.655560493469238
6.655560493469238
6.655560493469238
6.655560493469238
6.655560493469238
6.655560493469238
6.655560493469238
6.655560493469238
6.655560493469238
6.655560493469238
6.655560493469238
6.655560493469238
6.655560493469238
6.655560493469238
6.655560493469238
6.655560493469238
6.655560493469238
6.655560493469238
6.655560493469238
6.655560493469238
6.655560493469238
6.655560493469238
6.655560493469238
6.655560493469238
6.655560493469238
6.655560493469238
6.655560493469238
6.655560493469238
6.655560493469238
6.655560493469238
6.655560493469238
6.655560493469238
6.655560493469238
6.655560493469238
6.655560493469238
6.655560493469238
6.655560493469238
6.655560493469238
6.655560493469238
6.655560493469238
6.655560493469238
6.655560493469238
6.655560493469238
6.655560493469238
6.655560493469238
6.655560493469238
6.655560493469238
6.655560493469238
6.655560493469238
6.655560493469238
6.655560493469238
6.655560493469238
6.655560493469238
6.655560493469238
6.655560493469238
6.655560493469238
6.655560493469238
6.655560493469238
6.655560493469238
6.655560493469238
6.655560493469238
6.655560493469238
6.655560493469238
6.655560493469238
6.655560493469238
6.655560493469238
6.655560493469238
6.655560493469238
6.655560493469238
6.655560493469238
6.655560493469238
6.655560493469238
6.655560493469238
6.655560493469238
6.655560493469238
6.655560493469238
6.655560493469238
6.655560493469238
6.655560493469238
6.655560493469238
6.655560493469238
6.655560493469238
6.655560493469238
6.655560493469238
6.655560493469238
6.655560493469238
6.655560493469238
6.655560493469238
6.655560493469238
6.655560493469238
6.655560493469238
6.655560493469238
6.655560493469238
6.655560493469238
6.655560493469238
6.655560493469238
6.655560493469238
6.655560493469238
6.655560493469238
6.655560493469238
6.655560493469238
6.655560493469238
6.655560493469238
6.655560493469238
6.655560493469238
6.655560493469238
6.655560493469238
6.655560493469238
6.655560493469238
6.655560493469238
6.655560493469238
6.655560493469238
6.655560493469238
6.655560493469238
6.655560493469238
6.655560493469238
6.655560493469238
6.655560493469238
6.655560493469238
6.655560493469238
6.655560493469238
6.655560493469238
6.655560493469238
6.655560493469238
6.655560493469238
6.655560493469238
6.655560493469238
6.655560493469238
6.655560493469238
6.655560493469238
6.655560493469238
6.655560493469238
6.655560493469238
6.655560493469238
6.655560493469238
6.655560493469238
6.655560493469238
6.655560493469238
6.655560493469238
6.655560493469238
6.655560493469238
6.655560493469238
6.655560493469238
6.655560493469238
6.655560493469238
6.655560493469238
6.655560493469238
6.655560493469238
6.655560493469238
6.655560493469238
6.655560493469238
6.655560493469238
6.655560493469238
6.655560493469238
6.655560493469238
6.655560493469238
6.655560493469238
6.655560493469238
6.655560493469238
6.655560493469238
6.655560493469238
6.655560493469238
6.655560493469238
6.655560493469238
6.655560493469238
6.655560493469238
6.655560493469238
6.655560493469238
6.655560493469238
6.655560493469238
6.655560493469238
6.655560493469238
6.655560493469238
6.655560493469238
6.655560493469238
6.655560493469238
6.655560493469238
6.655560493469238
6.655560493469238
6.655560493469238
6.655560493469238
6.655560493469238
6.655560493469238
6.655560493469238
6.655560493469238
6.655560493469238
6.655560493469238
6.655560493469238
6.655560493469238
6.655560493469238
6.655560493469238
6.655560493469238
6.655560493469238
6.655560493469238
6.655560493469238
6.655560493469238
6.655560493469238
6.655560493469238
6.655560493469238
6.655560493469238
6.655560493469238
6.655560493469238
6.655560493469238
6.655560493469238
6.655560493469238
6.655560493469238
6.655560493469238
6.655560493469238
6.655560493469238
6.655560493469238
6.655560493469238
6.655560493469238
6.695306301116943
6.695306301116943
6.695306301116943
6.695306301116943
6.695306301116943
6.695306301116943
6.695306301116943
6.695306301116943
6.695306301116943
6.695306301116943
6.695306301116943
6.695306301116943
6.695306301116943
6.695306301116943
6.695306301116943
6.695306301116943
6.695306301116943
6.704317092895508
6.704317092895508
6.704317092895508
6.704317092895508
6.704317092895508
6.704317092895508
6.704317092895508
6.704317092895508
6.704317092895508
6.704317092895508
6.704317092895508
6.704317092895508
6.704317092895508
6.704317092895508
6.704317092895508
6.704317092895508
6.704317092895508
6.704317092895508
6.704317092895508
6.704317092895508
6.704317092895508
6.704317092895508
6.704317092895508
6.704317092895508
6.704317092895508
6.704317092895508
6.704317092895508
6.704317092895508
6.704317092895508
6.704317092895508
6.704317092895508
6.704317092895508
6.704317092895508
6.704317092895508
6.704317092895508
6.704317092895508
6.704317092895508
6.704317092895508
6.704317092895508
6.704317092895508
6.704317092895508
6.704317092895508
6.704317092895508
6.704317092895508
6.704317092895508
6.704317092895508
6.704317092895508
6.704317092895508
6.704317092895508
6.704317092895508
6.704317092895508
6.704317092895508
6.704317092895508
6.704317092895508
6.704317092895508
6.704317092895508
6.704317092895508
6.704317092895508
6.704317092895508
6.704317092895508
6.704317092895508
6.704317092895508
6.704317092895508
6.704317092895508
6.704317092895508
6.704317092895508
6.704317092895508
6.704317092895508
6.704317092895508
6.704317092895508
6.704317092895508
6.704317092895508
6.704317092895508
6.704317092895508
6.704317092895508
6.704317092895508
6.704317092895508
6.704317092895508
6.704317092895508
6.704317092895508
6.704317092895508
6.704317092895508
6.704317092895508
6.704317092895508
6.704317092895508
6.704317092895508
6.704317092895508
7.481655120849609
7.481655120849609
7.481655120849609
7.481655120849609
7.481655120849609
7.481655120849609
7.481655120849609
7.481655120849609
7.481655120849609
7.481655120849609
7.481655120849609
7.481655120849609
7.481655120849609
7.481655120849609
7.481655120849609
7.481655120849609
7.481655120849609
7.481655120849609
7.481655120849609
7.526302337646484
7.526302337646484
7.526302337646484
7.526302337646484
7.526302337646484
7.526302337646484
7.526302337646484
7.526302337646484
7.526302337646484
7.526302337646484
7.526302337646484
7.526302337646484
7.526302337646484
7.526302337646484
7.526302337646484
7.526302337646484
7.526302337646484
7.526302337646484
7.526302337646484
7.526302337646484
7.526302337646484
7.526302337646484
7.526302337646484
7.526302337646484
7.526302337646484
7.526302337646484
7.526302337646484
7.526302337646484
7.526302337646484
7.526302337646484
7.526302337646484
7.526302337646484
7.526302337646484
7.526302337646484
7.526302337646484
7.526302337646484
7.526302337646484
7.526302337646484
7.526302337646484
7.526302337646484
7.526302337646484
7.526302337646484
7.526302337646484
7.526302337646484
7.526302337646484
7.526302337646484
7.526302337646484
7.526302337646484
7.526302337646484
7.526302337646484
7.526302337646484
7.526302337646484
7.526302337646484
7.526302337646484
7.526302337646484
7.526302337646484
7.526302337646484
7.526302337646484
7.526302337646484
7.526302337646484
7.526302337646484
7.526302337646484
7.526302337646484
7.526302337646484
7.526302337646484
7.526302337646484
7.526302337646484
7.526302337646484
7.526302337646484
7.526302337646484
7.526302337646484
7.526302337646484
7.526302337646484
7.526302337646484
7.526302337646484
7.526302337646484
7.526302337646484
7.526302337646484
7.526302337646484
7.526302337646484
7.526302337646484
7.526302337646484
7.526302337646484
7.526302337646484
7.526302337646484
7.526302337646484
7.526302337646484
7.526302337646484
7.526302337646484
7.526302337646484
7.526302337646484
7.526302337646484
7.526302337646484
7.526302337646484
7.526302337646484
7.526302337646484
7.526302337646484
7.526302337646484
7.526302337646484
7.526302337646484
7.526302337646484
7.526302337646484
7.526302337646484
7.526302337646484
7.526302337646484
7.526302337646484
7.526302337646484
7.526302337646484
7.526302337646484
7.526302337646484
7.526302337646484
7.526302337646484
7.526302337646484
7.526302337646484
7.526302337646484
7.526302337646484
7.526302337646484
7.526302337646484
7.526302337646484
7.526302337646484
7.526302337646484
7.526302337646484
7.526302337646484
7.526302337646484
7.526302337646484
7.526302337646484
7.526302337646484
7.526302337646484
7.526302337646484
7.526302337646484
7.526302337646484
7.526302337646484
7.526302337646484
7.526302337646484
7.526302337646484
7.526302337646484
7.526302337646484
7.526302337646484
7.526302337646484
7.526302337646484
7.526302337646484
7.526302337646484
7.526302337646484
7.526302337646484
7.526302337646484
7.526302337646484
7.526302337646484
7.526302337646484
7.526302337646484
7.526302337646484
7.526302337646484
7.526302337646484
7.526302337646484
7.526302337646484
7.526302337646484
7.526302337646484
7.526302337646484
7.526302337646484
7.526302337646484
7.526302337646484
7.526302337646484
7.526302337646484
7.526302337646484
7.526302337646484
7.526302337646484
7.526302337646484
7.526302337646484
7.526302337646484
7.526302337646484
7.526302337646484
7.526302337646484
7.526302337646484
7.526302337646484
7.526302337646484
7.526302337646484
7.526302337646484
7.526302337646484
7.526302337646484
7.526302337646484
7.526302337646484
7.526302337646484
7.526302337646484
7.526302337646484
7.526302337646484
7.526302337646484
7.526302337646484
7.526302337646484
7.526302337646484
7.526302337646484
7.526302337646484
7.526302337646484
7.526302337646484
7.526302337646484
7.526302337646484
7.526302337646484
7.526302337646484
7.526302337646484
7.526302337646484
7.526302337646484
7.526302337646484
7.526302337646484
7.526302337646484
7.526302337646484
7.526302337646484
7.526302337646484
7.526302337646484
7.526302337646484
7.526302337646484
7.526302337646484
7.526302337646484
7.526302337646484
7.526302337646484
7.526302337646484
7.526302337646484
7.526302337646484
7.526302337646484
7.526302337646484
7.526302337646484
7.526302337646484
7.526302337646484
7.526302337646484
7.526302337646484
7.526302337646484
7.526302337646484
7.526302337646484
7.526302337646484
7.526302337646484
7.526302337646484
7.526302337646484
7.526302337646484
7.526302337646484
7.526302337646484
7.526302337646484
7.526302337646484
7.526302337646484
7.526302337646484
7.526302337646484
7.526302337646484
7.526302337646484
7.526302337646484
7.526302337646484
7.526302337646484
7.526302337646484
7.526302337646484
7.526302337646484
7.526302337646484
7.526302337646484
7.526302337646484
7.526302337646484
7.526302337646484
7.526302337646484
7.526302337646484
7.526302337646484
7.526302337646484
7.526302337646484
7.526302337646484
7.526302337646484
7.526302337646484
7.526302337646484
7.526302337646484
7.526302337646484
7.526302337646484
7.526302337646484
7.526302337646484
7.526302337646484
7.526302337646484
7.526302337646484
7.526302337646484
7.526302337646484
7.526302337646484
7.526302337646484
7.526302337646484
7.526302337646484
7.526302337646484
7.526302337646484
7.526302337646484
7.526302337646484
7.526302337646484
7.526302337646484
7.526302337646484
7.526302337646484
7.526302337646484
7.526302337646484
7.526302337646484
7.526302337646484
7.526302337646484
7.526302337646484
7.526302337646484
7.526302337646484
7.526302337646484
7.526302337646484
7.526302337646484
7.526302337646484
7.526302337646484
7.526302337646484
7.526302337646484
7.526302337646484
7.526302337646484
7.526302337646484
7.526302337646484
7.526302337646484
7.526302337646484
7.526302337646484
7.526302337646484
7.526302337646484
7.526302337646484
7.526302337646484
7.526302337646484
7.526302337646484
7.526302337646484
7.526302337646484
7.526302337646484
7.526302337646484
7.526302337646484
7.526302337646484
7.526302337646484
7.526302337646484
7.526302337646484
7.526302337646484
7.526302337646484
7.575058937072754
7.575058937072754
7.575058937072754
7.575058937072754
7.575058937072754
7.575058937072754
7.575058937072754
7.575058937072754
7.575058937072754
7.575058937072754
7.575058937072754
7.575058937072754
7.575058937072754
7.575058937072754
7.575058937072754
7.575058937072754
7.575058937072754
7.575058937072754
7.575058937072754
7.575058937072754
7.575058937072754
7.575058937072754
7.575058937072754
7.575058937072754
7.575058937072754
7.575058937072754
7.575058937072754
7.575058937072754
7.575058937072754
7.575058937072754
7.575058937072754
7.575058937072754
7.575058937072754
7.575058937072754
7.575058937072754
7.575058937072754
7.575058937072754
7.575058937072754
7.575058937072754
7.575058937072754
7.575058937072754
7.575058937072754
7.575058937072754
7.575058937072754
7.575058937072754
7.575058937072754
7.575058937072754
7.575058937072754
7.575058937072754
7.575058937072754
7.575058937072754
7.575058937072754
7.575058937072754
7.575058937072754
7.575058937072754
7.575058937072754
7.575058937072754
7.575058937072754
7.575058937072754
7.575058937072754
7.575058937072754
7.575058937072754
7.575058937072754
7.575058937072754
7.575058937072754
7.575058937072754
7.575058937072754
7.575058937072754
7.575058937072754
7.575058937072754
7.575058937072754
7.575058937072754
7.575058937072754
7.575058937072754
7.575058937072754
7.575058937072754
7.575058937072754
7.575058937072754
7.575058937072754
7.575058937072754
7.575058937072754
7.575058937072754
7.575058937072754
7.575058937072754
7.575058937072754
7.575058937072754
7.575058937072754
7.575058937072754
7.575058937072754
7.575058937072754
7.575058937072754
7.575058937072754
7.575058937072754
7.575058937072754
7.575058937072754
7.575058937072754
7.575058937072754
7.575058937072754
7.575058937072754
7.575058937072754
7.575058937072754
7.575058937072754
7.575058937072754
7.575058937072754
7.575058937072754
7.575058937072754
7.575058937072754
7.575058937072754
7.575058937072754
7.575058937072754
7.575058937072754
7.575058937072754
7.575058937072754
7.575058937072754
7.575058937072754
7.575058937072754
7.575058937072754
7.575058937072754
7.575058937072754
7.575058937072754
7.575058937072754
7.575058937072754
7.575058937072754
7.575058937072754
7.575058937072754
7.575058937072754
7.575058937072754
7.575058937072754
7.575058937072754
7.575058937072754
7.575058937072754
7.575058937072754
7.575058937072754
7.575058937072754
7.575058937072754
7.575058937072754
7.575058937072754
7.575058937072754
7.575058937072754
7.575058937072754
7.575058937072754
7.575058937072754
7.575058937072754
7.575058937072754
7.575058937072754
7.575058937072754
7.575058937072754
7.575058937072754
7.575058937072754
7.575058937072754
7.575058937072754
7.575058937072754
7.575058937072754
7.575058937072754
7.575058937072754
7.575058937072754
7.575058937072754
7.575058937072754
7.575058937072754
7.575058937072754
7.575058937072754
7.575058937072754
7.575058937072754
7.575058937072754
7.575058937072754
7.575058937072754
7.575058937072754
7.575058937072754
7.575058937072754
7.575058937072754
7.575058937072754
7.575058937072754
7.575058937072754
7.575058937072754
7.575058937072754
7.575058937072754
7.575058937072754
7.575058937072754
7.575058937072754
7.575058937072754
7.575058937072754
7.575058937072754
7.575058937072754
7.575058937072754
7.575058937072754
7.575058937072754
7.575058937072754
7.575058937072754
7.575058937072754
7.575058937072754
7.575058937072754
7.575058937072754
7.575058937072754
7.575058937072754
7.575058937072754
7.575058937072754
7.575058937072754
7.575058937072754
7.575058937072754
7.575058937072754
7.575058937072754
7.575058937072754
7.575058937072754
7.575058937072754
7.575058937072754
7.575058937072754
7.575058937072754
7.575058937072754
7.575058937072754
7.575058937072754
7.575058937072754
7.575058937072754
7.575058937072754
7.575058937072754
7.575058937072754
7.575058937072754
7.575058937072754
7.575058937072754
7.575058937072754
7.575058937072754
7.575058937072754
7.575058937072754
7.575058937072754
7.575058937072754
7.575058937072754
7.575058937072754
7.575058937072754
7.575058937072754
7.575058937072754
7.575058937072754
7.575058937072754
7.575058937072754
7.575058937072754
7.575058937072754
7.575058937072754
7.575058937072754
7.575058937072754
7.575058937072754
7.575058937072754
7.575058937072754
7.575058937072754
7.575058937072754
7.575058937072754
7.575058937072754
7.575058937072754
7.575058937072754
7.575058937072754
7.575058937072754
7.575058937072754
7.575058937072754
7.575058937072754
7.575058937072754
7.575058937072754
7.575058937072754
7.575058937072754
7.575058937072754
7.575058937072754
7.575058937072754
7.575058937072754
7.575058937072754
7.575058937072754
7.575058937072754
7.575058937072754
7.575058937072754
7.575058937072754
7.575058937072754
7.575058937072754
7.575058937072754
7.575058937072754
7.575058937072754
7.575058937072754
7.575058937072754
7.575058937072754
7.575058937072754
7.575058937072754
7.575058937072754
7.575058937072754
7.575058937072754
7.575058937072754
7.575058937072754
7.575058937072754
7.575058937072754
7.575058937072754
7.575058937072754
7.575058937072754
7.575058937072754
7.575058937072754
7.575058937072754
7.575058937072754
7.575058937072754
7.575058937072754
7.575058937072754
7.575058937072754
7.575058937072754
7.575058937072754
7.575058937072754
7.575058937072754
7.575058937072754
7.575058937072754
7.575058937072754
7.575058937072754
7.575058937072754
7.575058937072754
7.575058937072754
7.575058937072754
7.575058937072754
7.575058937072754
7.575058937072754
7.575058937072754
7.575058937072754
7.575058937072754
7.575058937072754
7.575058937072754
7.575058937072754
7.575058937072754
7.575058937072754
7.575058937072754
7.575058937072754
7.575058937072754
7.575058937072754
7.575058937072754
7.575058937072754
7.575058937072754
7.575058937072754
7.575058937072754
7.575058937072754
7.575058937072754
7.575058937072754
7.575058937072754
7.575058937072754
7.575058937072754
7.575058937072754
7.575058937072754
7.575058937072754
7.575058937072754
7.575058937072754
7.575058937072754
7.575058937072754
7.575058937072754
7.575058937072754
7.575058937072754
7.575058937072754
7.575058937072754
7.575058937072754
7.575058937072754
7.575058937072754
7.575058937072754
7.575058937072754
7.575058937072754
7.575058937072754
7.575058937072754
7.575058937072754
7.575058937072754
7.575058937072754
7.575058937072754
7.575058937072754
7.575058937072754
7.575058937072754
7.575058937072754
7.575058937072754
7.575058937072754
7.575058937072754
7.575058937072754
7.575058937072754
7.575058937072754
7.575058937072754
7.575058937072754
7.575058937072754
7.575058937072754
7.575058937072754
7.575058937072754
7.575058937072754
7.575058937072754
7.575058937072754
7.575058937072754
7.575058937072754
7.575058937072754
7.575058937072754
7.575058937072754
7.575058937072754
7.575058937072754
7.575058937072754
7.575058937072754
7.575058937072754
7.575058937072754
7.575058937072754
7.575058937072754
7.575058937072754
7.575058937072754
7.575058937072754
7.575058937072754
7.575058937072754
7.575058937072754
7.575058937072754
7.575058937072754
7.575058937072754
7.575058937072754
7.575058937072754
7.575058937072754
7.575058937072754
7.575058937072754
7.575058937072754
7.575058937072754
7.575058937072754
7.575058937072754
7.575058937072754
7.575058937072754
7.575058937072754
7.575058937072754
7.575058937072754
7.575058937072754
7.575058937072754
7.575058937072754
7.575058937072754
7.575058937072754
7.575058937072754
7.575058937072754
7.575058937072754
7.575058937072754
7.575058937072754
7.575058937072754
7.575058937072754
7.575058937072754
7.575058937072754
7.575058937072754
7.575058937072754
7.575058937072754
7.575058937072754
7.575058937072754
7.575058937072754
7.575058937072754
7.575058937072754
7.575058937072754
7.575058937072754
7.575058937072754
7.575058937072754
7.575058937072754
7.575058937072754
7.575058937072754
7.575058937072754
7.575058937072754
7.575058937072754
7.575058937072754
7.575058937072754
7.575058937072754
7.575058937072754
7.575058937072754
7.575058937072754
7.575058937072754
7.575058937072754
7.575058937072754
7.575058937072754
7.575058937072754
7.575058937072754
7.575058937072754
7.575058937072754
7.575058937072754
7.575058937072754
7.575058937072754
7.575058937072754
7.575058937072754
7.575058937072754
7.575058937072754
7.575058937072754
7.60921311378479
7.60921311378479
7.60921311378479
7.60921311378479
7.60921311378479
7.60921311378479
7.60921311378479
7.60921311378479
7.60921311378479
7.60921311378479
7.60921311378479
7.60921311378479
7.60921311378479
7.60921311378479
7.60921311378479
7.60921311378479
7.60921311378479
7.60921311378479
7.60921311378479
7.60921311378479
7.60921311378479
7.60921311378479
7.60921311378479
7.60921311378479
7.60921311378479
7.60921311378479
7.60921311378479
7.60921311378479
7.60921311378479
7.60921311378479
7.60921311378479
7.60921311378479
7.60921311378479
7.60921311378479
7.60921311378479
7.60921311378479
7.60921311378479
7.60921311378479
7.60921311378479
7.60921311378479
7.60921311378479
7.60921311378479
7.60921311378479
7.60921311378479
7.60921311378479
7.60921311378479
7.60921311378479
7.60921311378479
7.60921311378479
7.60921311378479
7.60921311378479
7.60921311378479
7.60921311378479
7.60921311378479
7.60921311378479
7.60921311378479
7.60921311378479
7.60921311378479
7.60921311378479
7.60921311378479
7.60921311378479
7.60921311378479
7.60921311378479
7.60921311378479
7.60921311378479
7.60921311378479
7.60921311378479
7.60921311378479
7.60921311378479
7.60921311378479
7.60921311378479
7.60921311378479
7.60921311378479
7.60921311378479
7.60921311378479
7.60921311378479
7.60921311378479
7.60921311378479
7.60921311378479
7.60921311378479
7.60921311378479
7.60921311378479
7.60921311378479
7.60921311378479
7.60921311378479
7.60921311378479
7.60921311378479
7.60921311378479
7.60921311378479
7.60921311378479
7.60921311378479
7.60921311378479
7.60921311378479
7.60921311378479
7.60921311378479
7.65796971321106
7.65796971321106
7.65796971321106
7.65796971321106
7.65796971321106
7.65796971321106
7.65796971321106
7.65796971321106
7.65796971321106
7.65796971321106
7.65796971321106
7.65796971321106
7.65796971321106
7.65796971321106
7.65796971321106
7.65796971321106
7.65796971321106
7.65796971321106
7.65796971321106
7.65796971321106
7.65796971321106
7.65796971321106
